1.089426
1.036956
1.030425
1.066411
1.045871
1.058583
1.095745
1.020692
1.044825
1.012091
1.072185
1.015203
1.051676
1.086140
1.036878
1.054672
1.039552
1.052663
1.016827
1.099632
1.072428
1.056186
1.027242
1.037263
1.046906
1.001064
1.092868
1.042135
1.043284
1.028348
1.010748
1.032710
1.065305
1.041173
1.099121
1.011176
1.099756
1.094866
1.031868
1.044582
1.006957
1.004053
1.059785
1.058633
1.090194
1.096662
1.013305
1.029746
1.049325
1.030131
1.029378
1.021753
1.086317
1.056619
1.059016
1.033223
1.057683
1.051884
1.075359
1.000967
1.080233
1.086107
1.033677
1.045538
1.027281
1.032799
1.056714
1.027037
1.027665
1.088582
1.071619
1.034622
1.092635
1.031403
1.093255
1.082828
1.028065
1.006560
1.012574
1.077391
1.036691
1.041952
1.099144
1.023009
1.098571
1.058160
1.056232
1.056254
1.010044
1.031591
1.057221
1.090277
1.017698
1.090899
1.035815
1.044978
1.023697
1.092529
1.072015
1.051363
1.081110
1.043634
1.085985
1.073745
1.075037
1.079240
1.056574
1.003102
1.085800
1.069148
1.080493
1.022491
1.011100
1.079637
1.045500
1.009671
1.037797
1.001732
1.065925
1.047841
1.033323
1.023146
1.038118
1.051021
1.014044
1.073933
1.095999
1.037742
1.066462
1.068015
1.089104
1.047572
1.011649
1.075089
1.021317
1.086686
1.054329
1.077890
1.089788
1.040129
1.047038
1.070281
1.062621
1.058138
1.049918
1.008121
1.067809
1.087714
1.009853
1.033734
1.035555
1.043176
1.056880
1.073673
1.094197
1.070925
1.047606
1.090196
1.008666
1.014068
1.058211
1.097770
1.061640
1.069859
1.072860
1.082956
1.056545
1.027189
1.060847
1.046333
1.067318
1.007885
1.016613
1.029938
1.066023
1.066531
1.038059
1.033832
1.054245
1.047912
1.067566
1.089801
1.091088
1.024446
1.063474
1.085284
1.095371
1.011080
1.075480
1.004037
1.025148
1.033691
1.001807
1.086788
1.003550
1.074667
1.069744
1.060095
1.001856
1.030591
1.006428
1.069173
1.038476
1.023041
1.099112
1.004499
1.089572
1.037171
1.038332
1.043818
1.085082
1.005898
1.033618
1.076170
1.030344
1.097093
1.061454
1.025715
1.008173
1.036935
1.029752
1.033321
1.070626
1.031559
1.020109
1.074176
1.006226
1.089853
1.034272
1.008082
1.020444
1.040699
1.077255
1.058920
1.063741
1.076367
1.063419
1.053313
1.013538
1.001751
1.097131
1.098620
1.007649
1.030749
1.074790
1.037993
1.027842
1.036244
1.063708
1.036015
1.073179
1.093460
1.069336
1.043805
1.025019
1.089445
1.017982
1.031245
1.079298
1.052253
1.039327
1.099742
1.092953
1.016583
1.058662
1.056694
1.092950
1.022081
1.010007
1.006487
1.023832
1.007138
1.005108
1.031481
1.037887
1.079898
1.069474
1.065729
1.016142
1.033181
1.001744
1.089321
1.026641
1.071080
1.033127
1.051660
1.060524
1.051108
1.082905
1.039822
1.003361
1.022233
1.039564
1.096314
1.038815
1.098227
1.053008
1.031765
1.020308
1.063014
1.038252
1.044140
1.070152
1.043360
1.075621
1.008039
1.023257
1.045095
1.073768
1.039400
1.078276
1.075512
1.028721
1.004916
1.046592
1.061847
1.056576
1.007116
1.012956
1.039481
1.046939
1.016317
1.061714
1.086503
1.012631
1.000529
1.084730
1.065639
1.032294
1.005038
1.028653
1.070547
1.049178
1.098805
1.013906
1.024799
1.006845
1.037164
1.069894
1.080613
1.076563
1.048169
1.056126
1.005284
1.053086
1.002717
1.067132
1.009662
1.009834
1.080087
1.049143
1.056772
1.096404
1.010857
1.043275
1.009035
1.011386
1.028005
1.074674
1.043680
1.033043
1.003327
1.014227
1.082221
1.002133
1.028133
1.007020
1.008978
1.065297
1.076913
1.089591
1.041860
1.025082
1.045716
1.047145
1.078168
1.048434
1.014276
1.087830
1.058268
1.094363
1.036973
1.015040
1.090768
1.047831
1.058316
1.099803
1.059217
1.086321
1.074477
1.002897
1.019363
1.077804
1.017124
1.001584
1.079937
1.045257
1.008603
1.088914
1.010554
1.085516
1.078505
1.052414
1.010599
1.024221
1.099559
1.088767
1.072655
1.013835
1.076597
1.030923
1.008199
1.013570
1.045963
1.098966
1.061401
1.004278
1.098769
1.020618
1.090599
1.073246
1.023515
1.009962
1.051050
1.040639
1.011546
1.030987
1.085896
1.020149
1.019901
1.096450
1.005665
1.098406
1.048864
1.016264
1.022628
1.048423
1.005031
1.095283
1.062259
1.081627
1.026206
1.070457
1.095197
1.072169
1.069424
1.056598
1.076447
1.068193
1.077216
1.067046
1.041439
1.000731
1.077008
1.092489
1.041369
1.088554
1.023475
1.027265
1.008703
1.043376
1.023714
1.014368
1.041783
1.072578
1.030632
1.064410
1.021002
1.035663
1.059693
1.083260
1.017290
1.085899
1.053718
1.012487
1.058068
1.023142
1.069085
1.034515
1.091334
1.046301
1.001561
1.032773
1.047031
1.078570
1.025262
1.088400
1.067124
1.048737
1.015665
1.075827
1.092113
1.039380
1.090195
1.033896
1.011958
1.020827
1.098306
1.032960
1.056490
1.057999
1.016220
1.073779
1.043899
1.069938
1.086266
1.001966
1.093079
1.055351
1.036481
1.084414
1.001652
1.038043
1.017187
1.048684
1.016612
1.042448
1.037084
1.083736
1.091185
1.052749
1.059563
1.083298
1.092129
1.049758
1.017194
1.004087
1.070585
1.015501
1.037047
1.027074
1.073500
1.053267
1.000854
1.017399
1.023205
1.087120
1.019365
1.016284
1.042471
1.055847
1.000698
1.044124
1.093889
1.017885
1.092807
1.010502
1.060333
1.029891
1.094238
1.051518
1.082641
1.053800
1.034817
1.074769
1.003558
1.052011
1.078856
1.074143
1.067512
1.015903
1.001217
1.041012
1.069170
1.002070
1.058410
1.092375
1.089190
1.077775
1.008659
1.031662
1.033622
1.009357
1.075785
1.027511
1.027242
1.068593
1.038013
1.087575
1.098484
1.032251
1.039094
1.081124
1.086051
1.073910
1.055894
1.089609
1.025921
1.034750
1.063752
1.093433
1.050654
1.064969
1.034445
1.019824
1.067039
1.092855
1.012199
1.056230
1.070630
1.020858
1.087891
1.004252
1.030215
1.063677
1.031764
1.057457
1.032269
1.069777
1.045033
1.030753
1.002028
1.084126
1.011878
1.088079
1.058037
1.067772
1.077689
1.083958
1.002522
1.041441
1.077391
1.053175
1.006410
1.011836
1.072999
1.073449
1.004690
1.085198
1.029679
1.075321
1.006055
1.017570
1.079573
1.036270
1.081247
1.011337
1.093728
1.013516
1.081114
1.038761
1.044269
1.083141
1.022887
1.056147
1.071221
1.080924
1.023919
1.048909
1.064882
1.026440
1.090350
1.042273
1.079616
1.096759
1.054108
1.052615
1.070208
1.058799
1.037813
1.099887
1.034119
1.043868
1.017457
1.013692
1.080138
1.098704
1.025029
1.073866
1.012221
1.006143
1.012627
1.056490
1.089284
1.035514
1.012637
1.060505
1.016438
1.036555
1.009414
1.081319
1.062996
1.099764
1.023592
1.042612
1.096523
1.077700
1.095227
1.066732
1.036498
1.033039
1.066619
1.070618
1.076907
1.084076
1.084310
1.057046
1.082781
1.009339
1.030912
1.095001
1.015481
1.043539
1.051491
1.004766
1.079053
1.064128
1.065270
1.095490
1.000683
1.074685
1.076810
1.063679
1.074448
1.000401
1.006291
1.070972
1.078101
1.001517
1.037703
1.014600
1.034557
1.004322
1.085217
1.011464
1.088398
1.069527
1.068509
1.071179
1.078866
1.099421
1.066180
1.094347
1.042960
1.017671
1.099113
1.022013
1.081799
1.064383
1.017503
1.082482
1.039068
1.094313
1.046161
1.013516
1.094714
1.052452
1.084488
1.072816
1.053969
1.022191
1.087415
1.088526
1.026513
1.072632
1.099989
1.014911
1.042159
1.068499
1.086090
1.021025
1.067920
1.052270
1.015373
1.010880
1.069941
1.014485
1.032893
1.051740
1.078869
1.050396
1.034222
1.017937
1.044709
1.080382
1.031453
1.039424
1.032834
1.015941
1.012239
1.086803
1.038131
1.099654
1.075329
1.064644
1.072286
1.075318
1.079556
1.014446
1.043817
1.065646
1.035471
1.011737
1.017916
1.050843
1.022617
1.087857
1.065329
1.055510
1.039596
1.044198
1.005906
1.073818
1.062134
1.050616
1.054200
1.093587
1.090039
1.087034
1.009528
1.002279
1.073837
1.047659
1.001933
1.049166
1.012304
1.074219
1.024484
1.091860
1.088665
1.068301
1.057505
1.024136
1.080037
1.075421
1.074979
1.002654
1.063278
1.040308
1.058164
1.002874
1.084505
1.064071
1.076691
1.046640
1.014687
1.030891
1.040227
1.004726
1.017926
1.049755
1.007005
1.091763
1.097414
1.008937
1.040929
1.009718
1.083157
1.065413
1.001577
1.071822
1.033713
1.059083
1.095958
1.013751
1.034504
1.070937
1.016405
1.097781
1.011245
1.074570
1.000655
1.095750
1.038641
1.077346
1.042390
1.053327
1.008238
1.082617
1.058053
1.026164
1.032372
1.065058
1.017927
1.029786
1.073996
1.058855
1.039504
1.057153
1.024268
1.041081
1.028974
1.057982
1.000164
1.024932
1.071732
1.034667
1.095869
1.088138
1.032449
1.007114
1.062707
1.033104
1.002864
1.001348
1.010450
1.045254
1.054675
1.018688
1.027871
1.012729
1.044852
1.060243
1.077787
1.062778
1.090028
1.051783
1.021634
1.029532
1.008935
1.045902
1.070613
1.037909
1.003884
1.070776
1.062841
1.075616
1.005444
1.058710
1.063754
1.037893
1.065824
1.026461
1.070996
1.068688
1.027809
1.081447
1.013942
1.082484
1.000135
1.041812
1.095213
1.044987
1.002055
1.073000
1.007766
1.092083
1.024782
1.029400
1.021615
1.033718
1.075302
1.092228
1.071627
1.079185
1.063005
1.034468
1.054802
1.068448
1.093179
1.018555
1.006341
1.059002
1.045016
1.077338
1.027690
1.072825
1.058784
1.041632
1.055310
1.058919
1.083444
1.050523
1.003906
1.085499
1.023522
1.011672
1.077582
1.048305
1.041071
1.099198
1.082023
1.016373
1.091426
1.053649
1.095559
1.054430
1.088118
1.050360
1.022879
1.081296
1.068915
1.029220
1.040299
1.013932
1.006557
1.067989
1.086757
1.065342
1.009621
1.042067
1.024261
1.093065
1.092590
1.028167
1.078564
1.016112
1.039839
1.056146
1.064417
1.080911
1.055344
1.046440
1.097284
1.046770
1.000089
1.092843
1.001200
1.088207
1.043203
1.024079
1.069503
1.012118
1.053299
1.009802
1.026050
1.059857
1.077791
1.012807
1.025198
1.087412
1.054874
1.049459
1.080477
1.047464
1.077627
1.059040
1.063576
1.017466
1.015187
1.027993
1.098377
1.070530
1.074432
1.095661
1.017300
1.074522
1.088503
1.018500
1.062728
1.031706
1.042580
1.032232
1.043824
1.095879
1.042034
1.069874
1.055735
1.019825
1.082681
1.080934
1.007237
1.037555
1.030393
1.087713
1.085018
1.008020
1.046754
1.048594
1.025486
1.061940
1.076587
1.023863
1.032471
1.051019
1.019524
1.049771
1.025540
1.008027
1.068271
1.088269
1.039733
1.010851
1.020501
1.083557
1.006729
1.062535
1.053431
1.062465
1.082360
1.036112
1.043398
1.089596
1.073667
1.073791
1.077310
1.058685
1.081811
1.024063
1.007279
1.007297
1.086004
1.083866
1.031160
1.018474
1.034884
1.050683
1.068245
1.060425
1.058710
1.036516
1.048694
1.098444
1.047366
1.069195
1.082001
1.054096
1.031729
1.035432
1.016560
1.014089
1.071544
1.059959
1.003685
1.045211
1.033750
1.080995
1.003896
1.015561
1.005058
1.011175
1.022857
1.091062
1.095041
1.054017
1.009536
1.029925
1.004700
1.077781
1.090350
1.063411
1.014297
1.039044
1.061854
1.061663
1.008239
1.043855
1.015759
1.039968
1.079288
1.032320
1.054057
1.050832
1.092278
1.057742
1.096043
1.026028
1.038737
1.099939
1.041589
1.043795
1.011114
1.064446
1.034857
1.006155
1.018463
1.044393
1.036080
1.023163
1.022174
1.026430
1.086573
1.036471
1.065474
1.048428
1.098135
1.073713
1.092283
1.013894
1.013681
1.071571
1.046213
1.067737
1.022403
1.038492
1.025479
1.018446
1.064520
1.064216
1.018385
1.006109
1.008011
1.029500
1.070555
1.042868
1.035655
1.089018
1.087262
1.071735
1.012181
1.009436
1.098166
1.098755
1.045907
1.063640
1.047182
1.044042
1.037353
1.039465
1.057935
1.051034
1.011036
1.004149
1.018771
1.033439
1.042641
1.044250
1.051885
1.007161
1.008466
1.070270
1.013269
1.016477
1.099770
1.083824
1.059345
1.035425
1.072842
1.046606
1.007160
1.085023
1.056042
1.005326
1.083778
1.001949
1.068966
1.030960
1.045991
1.006319
1.070425
1.003927
1.057353
1.081461
1.008075
1.076124
1.014900
1.050716
1.020374
1.066785
1.057877
1.028840
1.037055
1.071146
1.045317
1.036825
1.054971
1.004662
1.072250
1.027813
1.051268
1.079411
1.012836
1.007310
1.084737
1.096614
1.009260
1.053703
1.027574
1.055251
1.060022
1.097999
1.059177
1.017375
1.079461
1.067253
1.093499
1.094361
1.017969
1.013873
1.061146
1.075846
1.042713
1.098201
1.046992
1.088029
1.035027
1.001963
1.092691
1.007277
1.029775
1.043959
1.086688
1.042612
1.051269
1.071425
1.039226
1.060529
1.025128
1.066800
1.015780
1.085149
1.064799
1.074957
1.002524
1.044260
1.042210
1.096023
1.038620
1.060179
1.009896
1.099766
1.036025
1.052608
1.097968
1.083017
1.040638
1.032994
1.084980
1.033329
1.040272
1.014755
1.077288
1.026960
1.057367
1.028557
1.098384
1.096592
1.089086
1.023512
1.063392
1.004866
1.008661
1.028191
1.079824
1.011186
1.072451
1.022034
1.007208
1.011071
1.082214
1.017104
1.010838
1.018239
1.069712
1.008805
1.001256
1.010350
1.041800
1.086236
1.043678
1.082071
1.000991
1.020966
1.009031
1.058358
1.049523
1.007415
1.054950
1.038609
1.030927
1.018342
1.043476
1.039589
1.046533
1.023299
1.050774
1.018984
1.045334
1.057983
1.030055
1.027547
1.075087
1.040893
1.045786
1.044799
1.049698
1.047042
1.055149
1.091498
1.033278
1.098827
1.073569
1.034269
1.019793
1.082600
1.092627
1.069316
1.090015
1.047577
1.007925
1.020942
1.065920
1.051401
1.060531
1.012453
1.074700
1.011305
1.031438
1.020034
1.069288
1.061493
1.047581
1.044374
1.002385
1.093367
1.089173
1.052083
1.040410
1.044322
1.043581
1.073688
1.043149
1.017150
1.007957
1.062942
1.099750
1.000584
1.032258
1.089765
1.048161
1.040183
1.010708
1.014081
1.091584
1.071239
1.026535
1.066284
1.082544
1.057972
1.086318
1.051832
1.019465
1.033899
1.096206
1.021850
1.027267
1.085380
1.073934
1.067676
1.029701
1.017515
1.041364
1.072850
1.034665
1.049321
1.035792
1.034416
1.049905
1.068050
1.024181
1.098066
1.008233
1.034889
1.012147
1.099817
1.006128
1.038682
1.066102
1.088672
1.096654
1.052420
1.040504
1.016119
1.086319
1.036710
1.037969
1.013586
1.022090
1.011903
1.081262
1.051791
1.029418
1.022626
1.024641
1.064083
1.071947
1.060433
1.098499
1.021851
1.028483
1.022680
1.019917
1.036717
1.057569
1.032065
1.036534
1.063696
1.070747
1.002636
1.052368
1.067400
1.055056
1.092872
1.083519
1.041375
1.029582
1.021488
1.054961
1.051671
1.033390
1.036223
1.003462
1.062808
1.058849
1.028103
1.026891
1.030795
1.088537
1.025390
1.052646
1.017020
1.048069
1.072564
1.053737
1.005638
1.004629
1.090271
1.069334
1.075375
1.092906
1.021702
1.042776
1.047962
1.014573
1.026295
1.089337
1.044155
1.047783
1.044298
1.095826
1.081173
1.080520
1.099288
1.043981
1.039369
1.027391
1.070872
1.070164
1.015928
1.096262
1.022810
1.032948
1.044331
1.095374
1.086684
1.049969
1.000003
1.076955
1.019303
1.075378
1.069861
1.041005
1.018154
1.017823
1.055578
1.044449
1.007160
1.099733
1.092231
1.051457
1.095559
1.073405
1.031978
1.094847
1.017386
1.071346
1.022238
1.088258
1.041510
1.038166
1.084520
1.064320
1.071114
1.028851
1.059694
1.057798
1.078820
1.059697
1.034753
1.098122
1.035075
1.004614
1.039127
1.053228
1.022437
1.094705
1.097677
1.029597
1.094439
1.089908
1.081054
1.089998
1.063313
1.013032
1.084845
1.080698
1.084378
1.007083
1.068956
1.025888
1.045250
1.053476
1.090208
1.016364
1.082326
1.049902
1.074162
1.061146
1.009599
1.008915
1.059269
1.044674
1.013528
1.098396
1.097902
1.035966
1.093101
1.095579
1.065562
1.087540
1.085487
1.046617
1.077538
1.048800
1.059649
1.062383
1.029498
1.044027
1.069466
1.098454
1.069915
1.014716
1.051930
1.060123
1.031079
1.034256
1.010026
1.005241
1.095402
1.019625
1.014155
1.054671
1.064299
1.027684
1.053066
1.062201
1.063649
1.046168
1.057779
1.029212
1.033708
1.043266
1.075828
1.011246
1.092066
1.035477
1.073628
1.021563
1.079504
1.043094
1.020017
1.049419
1.057810
1.071947
1.009542
1.088889
1.006203
1.019568
1.094130
1.001605
1.039193
1.008285
1.056275
1.003491
1.035969
1.009342
1.065692
1.099619
1.055510
1.023471
1.028830
1.089218
1.066737
1.004659
1.000463
1.058803
1.040136
1.074092
1.080366
1.019639
1.017186
1.000383
1.069058
1.074996
1.072330
1.078600
1.063885
1.078533
1.098168
1.058015
1.080138
1.037360
1.066301
1.036413
1.040851
1.002270
1.045755
1.006543
1.001889
1.001265
1.030014
1.030719
1.090483
1.096751
1.035378
1.090946
1.055554
1.075514
1.065038
1.035920
1.095153
1.082224
1.036303
1.064211
1.057221
1.008633
1.042812
1.021106
1.087166
1.040979
1.079121
1.067304
1.078340
1.045422
1.003717
1.019191
1.047692
1.049472
1.025734
1.049581
1.050737
1.055749
1.080300
1.041220
1.052500
1.015678
1.032167
1.008054
1.091192
1.097205
1.043974
1.086346
1.079429
1.080277
1.050557
1.036650
1.088910
1.093369
1.057756
1.076076
1.034348
1.036877
1.043380
1.012688
1.082300
1.047097
1.031879
1.029992
1.096569
1.057613
1.079573
1.047307
1.013362
1.059874
1.088527
1.065862
1.075552
1.020694
1.073915
1.066745
1.017899
1.017889
1.053090
1.097328
1.098166
1.003647
1.033978
1.087076
1.097016
1.091734
1.063152
1.031364
1.028611
1.006532
1.044052
1.010911
1.053629
1.075931
1.040903
1.050199
1.033544
1.020477
1.097505
1.046906
1.080350
1.086032
1.012768
1.055903
1.006726
1.086683
1.022647
1.024624
1.004572
1.075737
1.021952
1.002738
1.079385
1.055930
1.089814
1.076400
1.047664
1.052967
1.007764
1.076275
1.059499
1.051816
1.087186
1.013128
1.027747
1.028089
1.063327
1.061291
1.048566
1.060832
1.008197
1.028916
1.046864
1.020965
1.084819
1.053590
1.007648
1.007466
1.078214
1.012221
1.083204
1.000166
1.014959
1.062588
1.056096
1.004773
1.038988
1.003760
1.057740
1.046753
1.080034
1.017239
1.098569
1.067220
1.030367
1.026315
1.095309
1.093694
1.087606
1.043875
1.054526
1.095803
1.072791
1.001390
1.016768
1.057610
1.054979
1.024417
1.065076
1.033193
1.036637
1.048280
1.033359
1.051596
1.010868
1.089455
1.056370
1.049856
1.093215
1.014109
1.096609
1.073249
1.031348
1.095178
1.040470
1.061715
1.021493
1.035779
1.055409
1.009099
1.079654
1.009935
1.004903
1.052445
1.011325
1.021671
1.010055
1.066304
1.046088
1.075131
1.099497
1.082725
1.023411
1.032857
1.034322
1.034278
1.022311
1.090691
1.084134
1.015526
1.004801
1.080743
1.088775
1.036149
1.075921
1.029245
1.097864
1.097414
1.065024
1.053273
1.006514
1.044677
1.063208
1.011416
1.097123
1.074533
1.033087
1.007178
1.040837
1.079175
1.082309
1.040335
1.061900
1.005720
1.073191
1.096222
1.039998
1.095503
1.086913
1.024132
1.011029
1.091714
1.004876
1.099804
1.027863
1.080797
1.029049
1.025727
1.078211
1.094072
1.079000
1.084725
1.038750
1.042209
1.096141
1.035872
1.016742
1.029229
1.043050
1.057579
1.008404
1.025359
1.097914
1.070304
1.031078
1.071105
1.066527
1.071076
1.066608
1.053440
1.095209
1.077636
1.045154
1.000084
1.077441
1.073017
1.080881
1.006489
1.098744
1.059092
1.000561
1.077744
1.043817
1.039311
1.019953
1.039958
1.075183
1.036695
1.069187
1.018233
1.094274
1.077591
1.043592
1.092187
1.047895
1.074670
1.063292
1.014422
1.045746
1.029900
1.067862
1.040955
1.007536
1.013016
1.041039
1.084977
1.086033
1.021920
1.091466
1.084777
1.081012
1.092027
1.062522
1.024830
1.031338
1.082475
1.064788
1.006521
1.019169
1.033974
1.024754
1.013443
1.011565
1.068346
1.005630
1.059460
1.043016
1.068922
1.073882
1.088762
1.098822
1.041743
1.029716
1.006358
1.054759
1.070755
1.091335
1.040792
1.092676
1.082801
1.025569
1.073688
1.074827
1.088091
1.098518
1.006165
1.070565
1.063305
1.012686
1.089735
1.097280
1.037440
1.003177
1.008844
1.005786
1.008807
1.068304
1.048801
1.077729
1.042186
1.037563
1.076551
1.083929
1.067279
1.082909
1.038688
1.038035
1.074243
1.079480
1.030711
1.057044
1.005049
1.004399
1.031871
1.093140
1.002917
1.038037
1.063705
1.066222
1.050723
1.053439
1.063501
1.088163
1.056617
1.072346
1.093949
1.065424
1.040650
1.042750
1.043153
1.082836
1.080313
1.019704
1.066766
1.047592
1.002613
1.005454
1.085627
1.076856
1.084934
1.016338
1.033900
1.089983
1.020736
1.065772
1.083122
1.023653
1.003808
1.046827
1.089875
1.054531
1.000267
1.053376
1.042694
1.056883
1.025722
1.036643
1.022307
1.066373
1.079393
1.065461
1.049209
1.059706
1.085165
1.015975
1.007298
1.087778
1.021429
1.092925
1.064634
1.006363
1.009263
1.098535
1.096345
1.029999
1.064306
1.079468
1.053652
1.068115
1.026295
1.043527
1.022646
1.026562
1.096903
1.065341
1.083445
1.022626
1.001984
1.005752
1.088999
1.081377
1.071213
1.038208
1.041083
1.056378
1.054183
1.048381
1.044155
1.075611
1.041306
1.008790
1.081974
1.050568
1.007324
1.078319
1.080567
1.071631
1.057787
1.034219
1.039745
1.084082
1.077746
1.062392
1.010644
1.074650
1.027733
1.094089
1.097275
1.029716
1.099842
1.086274
1.011093
1.071055
1.024482
1.052176
1.027432
1.078664
1.000557
1.071588
1.054275
1.041862
1.080378
1.036249
1.092430
1.087702
1.014568
1.072997
1.059332
1.072355
1.007216
1.099078
1.056437
1.084963
1.061470
1.067081
1.059612
1.089202
1.061171
1.056887
1.018919
1.061012
1.043161
1.030012
1.032067
1.067643
1.082188
1.059499
1.046307
1.082745
1.031087
1.000582
1.024607
1.011464
1.036831
1.017037
1.099166
1.051399
1.090034
1.058499
1.023755
1.097251
1.057577
1.080192
1.082213
1.019047
1.047273
1.041825
1.008249
1.008444
1.098713
1.027168
1.069456
1.041874
1.057180
1.001523
1.009517
1.039368
1.061022
1.055824
1.022113
1.092109
1.056406
1.046719
1.003573
1.093238
1.063756
1.002740
1.044637
1.053790
1.061238
1.068392
1.051041
1.018815
1.048584
1.033254
1.037862
1.095857
1.075079
1.046111
1.004301
1.073792
1.073278
1.073757
1.015666
1.030458
1.075280
1.025183
1.069826
1.036302
1.081007
1.091938
1.028411
1.037413
1.038658
1.031984
1.030650
1.002414
1.034724
1.075287
1.056204
1.095962
1.043679
1.007245
1.014777
1.092262
1.040499
1.052639
1.088119
1.015579
1.098749
1.092420
1.089370
1.072028
1.066177
1.005036
1.002486
1.041457
1.030219
1.072312
1.077758
1.011225
1.064250
1.006169
1.048638
1.002908
1.038153
1.079289
1.005322
1.072877
1.054576
1.061526
1.068838
1.098255
1.068772
1.083616
1.090517
1.009271
1.036254
1.078636
1.024849
1.035004
1.071056
1.014220
1.007031
1.037233
1.019256
1.009517
1.078690
1.049475
1.081828
1.056448
1.060700
1.046078
1.062617
1.009339
1.048986
1.000770
1.088627
1.054308
1.073647
1.043203
1.015834
1.042486
1.041458
1.084606
1.026101
1.031975
1.093877
1.062355
1.010611
1.018726
1.097359
1.081667
1.032946
1.004390
1.018901
1.052202
1.013907
1.097590
1.001677
1.095735
1.054039
1.062377
1.041813
1.016656
1.071716
1.090799
1.017427
1.060343
1.045107
1.091074
1.003547
1.060942
1.033559
1.045004
1.045548
1.059661
1.076979
1.039425
1.022016
1.087591
1.058151
1.019375
1.069258
1.091097
1.023765
1.088159
1.043299
1.037671
1.085749
1.044976
1.033406
1.039788
1.007353
1.075219
1.056444
1.079069
1.066019
1.073871
1.039413
1.011126
1.064945
1.042959
1.072068
1.098505
1.087964
1.017615
1.058165
1.064943
1.057040
1.080181
1.052534
1.015191
1.099556
1.021792
1.006288
1.023321
1.009950
1.049586
1.060992
1.095699
1.094562
1.094399
1.035487
1.001915
1.069618
1.091932
1.080984
1.035637
1.065803
1.020397
1.046762
1.030748
1.063356
1.018830
1.029253
1.051320
1.036445
1.087418
1.016263
1.093485
1.067599
1.068797
1.008676
1.067155
1.090588
1.014964
1.090476
1.000538
1.064550
1.051469
1.096238
1.059112
1.045867
1.031725
1.061028
1.015486
1.023657
1.042012
1.051122
1.089460
1.062409
1.097885
1.020208
1.025765
1.016715
1.049461
1.077085
1.053160
1.036879
1.093348
1.046646
1.004478
1.062144
1.055322
1.071633
1.052732
1.070286
1.062109
1.053271
1.034836
1.013578
1.049509
1.093949
1.059445
1.081234
1.054976
1.074930
1.004891
1.096988
1.026052
1.094351
1.059397
1.023937
1.014560
1.085162
1.040652
1.064020
1.062247
1.093812
1.000899
1.055595
1.040458
1.005377
1.017739
1.095780
1.077009
1.070472
1.066066
1.039118
1.023743
1.000902
1.052696
1.073252
1.094850
1.012141
1.054486
1.049827
1.087071
1.059377
1.046815
1.013124
1.053729
1.006212
1.037061
1.068288
1.091374
1.077713
1.032308
1.053622
1.071525
1.033207
1.009217
1.011982
1.038584
1.026956
1.007762
1.015593
1.097428
1.073827
1.054712
1.021171
1.074729
1.007408
1.094422
1.069579
1.019548
1.048908
1.019406
1.006620
1.008285
1.066221
1.019743
1.062014
1.072433
1.056804
1.030302
1.063807
1.034517
1.062610
1.017429
1.006041
1.095818
1.026645
1.018023
1.034402
1.053601
1.025785
1.049995
1.051029
1.099612
1.004707
1.072200
1.074341
1.012115
1.066622
1.043921
1.031663
1.015530
1.063327
1.038283
1.023816
1.029547
1.058026
1.085829
1.001980
1.014830
1.016131
1.065788
1.049347
1.078742
1.083216
1.055389
1.074559
1.009862
1.073412
1.008961
1.063463
1.099197
1.058956
1.014492
1.098809
1.063663
1.086692
1.073150
1.075778
1.053315
1.017071
1.007441
1.068845
1.080397
1.045723
1.092661
1.009945
1.003749
1.078490
1.011925
1.018580
1.094621
1.077713
1.067927
1.073363
1.060929
1.023316
1.047922
1.070791
1.096728
1.056883
1.034254
1.095925
1.015840
1.048747
1.094734
1.079503
1.035439
1.067884
1.055281
1.088754
1.084955
1.062722
1.057599
1.065352
1.008445
1.050259
1.075297
1.012195
1.028749
1.087222
1.030775
1.023371
1.064935
1.098702
1.096734
1.025865
1.022018
1.044656
1.096656
1.018745
1.001539
1.030910
1.014670
1.017379
1.079656
1.009404
1.096883
1.015095
1.077288
1.052164
1.003849
1.062243
1.014886
1.061448
1.027595
1.023331
1.011707
1.002892
1.035526
1.040457
1.090115
1.066301
1.063827
1.055050
1.065003
1.060561
1.080915
1.087021
1.005217
1.077571
1.005766
1.006756
1.008480
1.020436
1.024136
1.088137
1.029840
1.021018
1.003232
1.007128
1.073182
1.007081
1.069371
1.088068
1.068529
1.096966
1.011399
1.080236
1.099859
1.046925
1.020693
1.089973
1.013226
1.084520
1.045024
1.078229
1.045081
1.025939
1.065250
1.050298
1.003509
1.071016
1.057055
1.011989
1.091452
1.081190
1.000126
1.021292
1.002209
1.003359
1.028420
1.075391
1.010440
1.097791
1.063459
1.078969
1.094757
1.074858
1.059205
1.094616
1.021783
1.079898
1.084589
1.035009
1.064419
1.029613
1.013238
1.009500
1.055552
1.078488
1.059799
1.059061
1.049503
1.016853
1.071050
1.040955
1.098044
1.071177
1.062247
1.000253
1.074535
1.090667
1.075644
1.084975
1.088458
1.039103
1.063944
1.083215
1.013961
1.023150
1.077832
1.035744
1.003048
1.062421
1.070753
1.067467
1.092034
1.083992
1.076967
1.047586
1.062479
1.036766
1.006647
1.011983
1.053620
1.077697
1.052938
1.051663
1.048874
1.015185
1.051916
1.023409
1.005852
1.027560
1.008385
1.094310
1.066663
1.072329
1.077525
1.080623
1.095479
1.055357
1.016367
1.098527
1.017778
1.087120
1.065994
1.009812
1.071112
1.042961
1.057398
1.033592
1.079728
1.064045
1.045574
1.033347
1.041742
1.098512
1.085010
1.090616
1.013697
1.036927
1.014026
1.019549
1.064486
1.022410
1.013859
1.031149
1.094739
1.091384
1.011772
1.090218
1.046741
1.028139
1.088745
1.064519
1.015260
1.054739
1.074331
1.086372
1.097700
1.031729
1.019963
1.077428
1.095774
1.065538
1.010775
1.037516
1.064050
1.095785
1.028132
1.077747
1.032712
1.042158
1.097297
1.097198
1.064569
1.011156
1.028347
1.059308
1.002540
1.040119
1.049526
1.049281
1.068258
1.038271
1.013800
1.083518
1.093010
1.088131
1.069890
1.090710
1.019859
1.089853
1.068138
1.015633
1.055391
1.078913
1.053149
1.019441
1.074699
1.081281
1.097188
1.007410
1.023440
1.094485
1.004609
1.088008
1.005641
1.032955
1.047316
1.008181
1.073074
1.096842
1.057462
1.041333
1.035113
1.071262
1.024851
1.028122
1.059393
1.094740
1.018833
1.079253
1.084593
1.086971
1.094886
1.039984
1.065884
1.048035
1.059425
1.040582
1.029316
1.056613
1.047993
1.052755
1.051098
1.052601
1.040763
1.056739
1.085557
1.088079
1.064920
1.058631
1.084921
1.022383
1.099964
1.020034
1.093645
1.024815
1.048156
1.053038
1.019555
1.066989
1.032291
1.004148
1.053959
1.027176
1.044133
1.019843
1.075211
1.003558
1.060426
1.004527
1.060171
1.008418
1.057282
1.011269
1.061020
1.098046
1.068009
1.046576
1.086125
1.032929
1.005208
1.071046
1.055312
1.005172
1.091080
1.048957
1.029986
1.039236
1.001995
1.049541
1.006225
1.034286
1.053690
1.060185
1.061462
1.097822
1.080028
1.036673
1.001380
1.040454
1.041200
1.061551
1.048872
1.098482
1.072821
1.009892
1.096528
1.040829
1.056468
1.082654
1.073759
1.061676
1.053700
1.029070
1.066847
1.044780
1.078027
1.096834
1.084017
1.080022
1.046375
1.090242
1.014308
1.000065
1.050427
1.075770
1.097887
1.030455
1.012443
1.099267
1.070908
1.053643
1.060818
1.019780
1.052125
1.033639
1.029672
1.048653
1.074468
1.086141
1.031307
1.048227
1.047817
1.085007
1.077297
1.014664
1.029788
1.055325
1.011498
1.013804
1.035347
1.057873
1.004046
1.049655
1.057938
1.054473
1.025425
1.055825
1.084928
1.037868
1.055092
1.055836
1.091511
1.015911
1.075616
1.043637
1.049549
1.005289
1.092290
1.024018
1.091429
1.023597
1.072244
1.039246
1.008605
1.049541
1.053910
1.038392
1.004866
1.065407
1.052197
1.040213
1.023280
1.056243
1.089868
1.081218
1.010716
1.015294
1.037042
1.095644
1.053162
1.092134
1.051480
1.044674
1.008045
1.027096
1.088311
1.057594
1.032385
1.080601
1.081612
1.023814
1.004199
1.053856
1.063060
1.012803
1.003397
1.016970
1.051195
1.008264
1.082377
1.003392
1.048477
1.005657
1.059635
1.038345
1.086875
1.070351
1.053639
1.023917
1.065994
1.006801
1.016052
1.017474
1.051475
1.024097
1.044570
1.039786
1.081691
1.076955
1.020387
1.063303
1.000769
1.024586
1.017159
1.063829
1.037389
1.020556
1.080799
1.088584
1.028820
1.063176
1.091976
1.077297
1.068833
1.051611
1.015642
1.055708
1.021961
1.069281
1.079625
1.087956
1.076082
1.095677
1.005430
1.027558
1.019773
1.050000
1.067344
1.001464
1.026955
1.087731
1.064767
1.027724
1.012317
1.081926
1.091553
1.049706
1.002482
1.072352
1.038290
1.031302
1.035528
1.030266
1.008599
1.004361
1.081877
1.024241
1.060069
1.003839
1.093522
1.039694
1.091795
1.069604
1.035370
1.097225
1.097162
1.055144
1.047225
1.064506
1.056608
1.074180
1.052237
1.021375
1.001905
1.064554
1.003301
1.093458
1.014260
1.005783
1.065810
1.052551
1.037085
1.001338
1.082817
1.045684
1.005699
1.064694
1.069925
1.065767
1.068533
1.063446
1.005461
1.060328
1.033050
1.040831
1.057552
1.030212
1.095975
1.004777
1.094718
1.052583
1.078957
1.046955
1.073958
1.080862
1.011510
1.077259
1.074320
1.025770
1.083042
1.040130
1.078321
1.020127
1.041468
1.061138
1.065811
1.047167
1.025832
1.035736
1.012934
1.094365
1.099182
1.018395
1.054692
1.032232
1.059227
1.012244
1.062445
1.055202
1.017021
1.057163
1.007785
1.095978
1.004119
1.081743
1.076840
1.015628
1.059003
1.051160
1.041398
1.042045
1.091290
1.019719
1.062172
1.032758
1.080856
1.027984
1.079925
1.006688
1.063719
1.092859
1.001053
1.062901
1.011254
1.055745
1.095134
1.070481
1.067989
1.057579
1.025683
1.085011
1.014742
1.033468
1.080989
1.018861
1.015212
1.057830
1.034489
1.074214
1.008990
1.075887
1.016259
1.000280
1.095606
1.078432
1.033038
1.076462
1.006415
1.012963
1.083150
1.070135
1.005822
1.084203
1.033036
1.017076
1.039948
1.028170
1.087558
1.007938
1.085749
1.013241
1.092948
1.000491
1.046709
1.073938
1.019351
1.061920
1.031767
1.053840
1.036135
1.040757
1.029728
1.052394
1.041037
1.025334
1.030826
1.074075
1.001796
1.037241
1.087039
1.084946
1.007376
1.092861
1.069149
1.040412
1.009937
1.009097
1.068582
1.097495
1.017035
1.054331
1.010735
1.009983
1.054822
1.057444
1.083921
1.074173
1.019364
1.015688
1.028014
1.055499
1.056446
1.057742
1.007893
1.097483
1.083075
1.038719
1.071559
1.084871
1.075961
1.058597
1.069816
1.083337
1.051458
1.038965
1.023749
1.061395
1.048062
1.092331
1.058890
1.065097
1.046663
1.069625
1.075080
1.001485
1.027069
1.059000
1.075658
1.046434
1.074689
1.003672
1.001933
1.031134
1.061414
1.009826
1.028617
1.044488
1.048545
1.000176
1.029359
1.024506
1.058773
1.099176
1.007843
1.010231
1.038141
1.031592
1.071626
1.086203
1.023923
1.030516
1.051300
1.070586
1.000141
1.026379
1.072071
1.027210
1.085380
1.047729
1.073644
1.060068
1.051401
1.075576
1.091203
1.012814
1.085403
1.019820
1.057303
1.033948
1.019996
1.086662
1.058454
1.078769
1.085837
1.066297
1.089000
1.023978
1.097889
1.060626
1.010181
1.021812
1.091141
1.061481
1.092398
1.091282
1.087860
1.064468
1.018492
1.073240
1.012197
1.092135
1.033309
1.063598
1.067712
1.024511
1.076412
1.053114
1.044331
1.033714
1.087062
1.064327
1.020376
1.045516
1.043096
1.006214
1.011813
1.032096
1.030192
1.009702
1.092722
1.040373
1.031513
1.083863
1.001854
1.023911
1.075144
1.089715
1.088379
1.093636
1.062955
1.000576
1.085771
1.096263
1.064174
1.053483
1.020775
1.040586
1.006597
1.065106
1.074300
1.093659
1.029434
1.094676
1.039175
1.072530
1.000890
1.050989
1.004626
1.031082
1.060690
1.097348
1.071455
1.092204
1.081210
1.073309
1.016115
1.056355
1.063024
1.004494
1.049991
1.025979
1.005071
1.035762
1.022242
1.069244
1.089245
1.043017
1.009830
1.095842
1.008123
1.084130
1.089501
1.037557
1.078807
1.028676
1.010087
1.079697
1.079664
1.014713
1.010779
1.040355
1.012061
1.082234
1.032558
1.093271
1.055543
1.048673
1.049626
1.018567
1.053168
1.099617
1.044545
1.058238
1.035379
1.066787
1.027483
1.024623
1.009804
1.037313
1.020465
1.017928
1.021443
1.009965
1.055485
1.000250
1.038641
1.065571
1.079946
1.018306
1.080285
1.090725
1.058661
1.092345
1.072958
1.091219
1.085616
1.028501
1.039892
1.035242
1.047068
1.093060
1.034859
1.091613
1.051298
1.070238
1.058400
1.078780
1.094861
1.068205
1.016093
1.015326
1.086133
1.037536
1.025291
1.041617
1.037785
1.063932
1.007189
1.017731
1.082238
1.087473
1.008456
1.040899
1.079818
1.081414
1.032118
1.065435
1.009915
1.072010
1.000677
1.056983
1.065070
1.035537
1.048596
1.016367
1.005774
1.006996
1.095148
1.000636
1.075201
1.011241
1.015961
1.061334
1.048777
1.041252
1.002951
1.086562
1.005185
1.010139
1.004293
1.087423
1.097612
1.012749
1.028322
1.077431
1.094163
1.060439
1.042866
1.004078
1.032449
1.043543
1.061061
1.097519
1.079080
1.009657
1.013886
1.084854
1.016653
1.009034
1.085490
1.091854
1.020275
1.001451
1.053187
1.069051
1.042704
1.056138
1.055613
1.047889
1.066277
1.059906
1.035312
1.063890
1.072656
1.063634
1.041320
1.066819
1.024073
1.084186
1.070897
1.056522
1.027730
1.031958
1.054041
1.006809
1.041615
1.067927
1.091664
1.058268
1.076961
1.077154
1.050122
1.097236
1.078605
1.003309
1.066287
1.021308
1.059447
1.021901
1.069197
1.025724
1.081807
1.004509
1.089614
1.054462
1.068143
1.030934
1.021281
1.092216
1.015120
1.092178
1.048739
1.042850
1.024137
1.002780
1.049659
1.065752
1.070708
1.041323
1.024020
1.047669
1.018476
1.074142
1.044905
1.097081
1.077451
1.011192
1.018389
1.036897
1.033093
1.087586
1.062621
1.014900
1.092095
1.052235
1.069362
1.060239
1.083169
1.090643
1.052455
1.098289
1.082822
1.001194
1.041138
1.006959
1.003974
1.090797
1.072711
1.074681
1.032120
1.096731
1.022350
1.050596
1.070872
1.067255
1.047677
1.048323
1.078448
1.066066
1.085220
1.011541
1.053652
1.047842
1.026441
1.045748
1.000077
1.095803
1.005986
1.083245
1.086446
1.058441
1.081534
1.069268
1.059635
1.022672
1.076227
1.063609
1.013470
1.048938
1.038290
1.045589
1.045669
1.060640
1.096185
1.016541
1.027896
1.043862
1.064864
1.006343
1.009928
1.050084
1.017884
1.063580
1.097926
1.044325
1.009328
1.098002
1.040128
1.015315
1.081248
1.026574
1.073756
1.062782
1.095842
1.033391
1.085454
1.072069
1.097000
1.098924
1.021007
1.035290
1.044513
1.066675
1.095931
1.040699
1.083216
1.023827
1.084561
1.048080
1.030170
1.094489
1.098164
1.048054
1.058069
1.096090
1.092379
1.067397
1.094092
1.032507
1.082712
1.075340
1.059081
1.056469
1.038122
1.054922
1.089860
1.023576
1.026991
1.086860
1.022499
1.047998
1.022150
1.067013
1.014674
1.018081
1.007711
1.097890
1.041908
1.092272
1.045970
1.072078
1.086761
1.044135
1.020133
1.044830
1.040225
1.012512
1.012227
1.034317
1.045019
1.094939
1.009658
1.004099
1.051408
1.047779
1.059022
1.041268
1.071355
1.086013
1.028128
1.093854
1.034011
1.050278
1.060867
1.048685
1.068359
1.068578
1.046575
1.010267
1.060850
1.092546
1.082346
1.047611
1.036681
1.002478
1.092440
1.076906
1.014990
1.004667
1.011223
1.060009
1.099607
1.020881
1.064108
1.051015
1.068660
1.023130
1.092283
1.040015
1.009143
1.020411
1.033869
1.043155
1.070689
1.094736
1.091840
1.039048
1.063314
1.038415
1.049316
1.024164
1.030961
1.031662
1.071775
1.067642
1.034140
1.064215
1.044547
1.049130
1.068882
1.055771
1.009139
1.068489
1.076651
1.073247
1.019504
1.045311
1.096377
1.011786
1.085326
1.005520
1.032197
1.019195
1.048674
1.002886
1.013931
1.040514
1.041934
1.077245
1.078929
1.091250
1.001409
1.009890
1.022912
1.073184
1.077532
1.057052
1.037399
1.022079
1.006181
1.006281
1.077850
1.015320
1.074770
1.054501
1.088567
1.094273
1.099812
1.084944
1.006060
1.085138
1.090464
1.038257
1.004333
1.039139
1.041143
1.018264
1.079653
1.083077
1.095509
1.058582
1.074328
1.096918
1.068472
1.097239
1.070102
1.046004
1.054291
1.007501
1.068083
1.060472
1.013781
1.045933
1.075793
1.088551
1.000434
1.064360
1.082824
1.000247
1.049304
1.088884
1.085385
1.039769
1.027141
1.089718
1.078907
1.068284
1.007982
1.058560
1.051362
1.003491
1.017142
1.025689
1.000409
1.085615
1.022929
1.070511
1.031619
1.077220
1.078011
1.099702
1.037692
1.091793
1.045635
1.013485
1.080343
1.046069
1.077845
1.063168
1.046316
1.027150
1.052052
1.031700
1.066918
1.079193
1.021418
1.045825
1.047477
1.029400
1.004386
1.098839
1.032891
1.021528
1.024528
1.033300
1.007143
1.047457
1.003811
1.038761
1.024677
1.081822
1.038463
1.062369
1.073615
1.084098
1.075854
1.053958
1.030167
1.053699
1.017126
1.076483
1.080849
1.069178
1.008183
1.047767
1.048371
1.029601
1.093593
1.095848
1.059001
1.097978
1.094687
1.091892
1.019506
1.019215
1.025192
1.026649
1.066672
1.029002
1.065410
1.091349
1.010824
1.003873
1.053718
1.084439
1.087971
1.029572
1.038397
1.018139
1.083271
1.055523
1.094622
1.064120
1.024700
1.002805
1.011887
1.073071
1.032406
1.005479
1.068919
1.091408
1.003458
1.063606
1.083300
1.022964
1.082822
1.008492
1.049612
1.049494
1.037494
1.015022
1.040843
1.048318
1.018896
1.094561
1.032757
1.006867
1.024133
1.071154
1.025006
1.007404
1.026677
1.019628
1.071524
1.051377
1.022433
1.083411
1.024449
1.054839
1.088890
1.093368
1.046247
1.092348
1.056974
1.029546
1.015312
1.039796
1.038038
1.064924
1.089290
1.075532
1.079946
1.030133
1.023851
1.098842
1.024695
1.056608
1.005709
1.048828
1.027762
1.030715
1.056232
1.054439
1.050342
1.027756
1.005817
1.072775
1.011167
1.030265
1.027614
1.000057
1.023633
1.073861
1.092405
1.080607
1.003407
1.007717
1.020403
1.041445
1.072641
1.009693
1.016977
1.052587
1.039827
1.040828
1.051429
1.064522
1.097436
1.057138
1.013350
1.025198
1.087853
1.069582
1.079638
1.038195
1.097338
1.085455
1.010970
1.008505
1.015720
1.038584
1.008562
1.039353
1.012445
1.000968
1.019960
1.015852
1.008685
1.040363
1.057297
1.081326
1.050056
1.074275
1.033913
1.089883
1.015103
1.085342
1.054404
1.012539
1.042480
1.067754
1.037737
1.030333
1.037336
1.017375
1.068528
1.034673
1.002829
1.079498
1.043178
1.018549
1.018082
1.051740
1.057902
1.030526
1.052708
1.077862
1.046378
1.061393
1.018225
1.003676
1.042719
1.068282
1.077951
1.076632
1.058164
1.093054
1.061974
1.012569
1.005592
1.004455
1.080323
1.043330
1.034788
1.017658
1.060704
1.003316
1.052331
1.063534
1.082813
1.095509
1.082083
1.000895
1.047250
1.039985
1.031421
1.099958
1.017848
1.077800
1.061350
1.036073
1.081475
1.004069
1.004354
1.059426
1.080701
1.062519
1.052480
1.042675
1.075088
1.058073
1.047130
1.055410
1.001402
1.081918
1.073068
1.062106
1.085233
1.025400
1.025640
1.068046
1.020909
1.007723
1.068941
1.068159
1.047708
1.000362
1.068116
1.065556
1.078162
1.029467
1.001629
1.059637
1.033536
1.005983
1.019064
1.014236
1.068502
1.071544
1.056911
1.043590
1.029616
1.004041
1.099000
1.031018
1.085959
1.072068
1.093125
1.071192
1.097468
1.018765
1.039238
1.018378
1.026488
1.008179
1.086536
1.074197
1.008542
1.054653
1.039752
1.086704
1.084120
1.041381
1.046341
1.017655
1.047364
1.065405
1.031891
1.015867
1.036949
1.088803
1.059456
1.066565
1.092844
1.058456
1.097584
1.078803
1.030525
1.090708
1.049995
1.027993
1.009474
1.089233
1.046371
1.035962
1.097413
1.032907
1.010158
1.005955
1.087560
1.049911
1.092658
1.071679
1.091292
1.038999
1.089334
1.038656
1.004404
1.021226
1.054523
1.041353
1.010029
1.013979
1.007918
1.002873
1.072435
1.005502
1.081676
1.002960
1.096210
1.031671
1.030953
1.005684
1.020904
1.077323
1.041646
1.018317
1.010230
1.051804
1.024272
1.097790
1.001715
1.016930
1.069469
1.093007
1.055929
1.058803
1.031663
1.060333
1.080029
1.086186
1.001687
1.090058
1.000165
1.009605
1.092931
1.072601
1.015107
1.074607
1.075561
1.011317
1.006278
1.006513
1.017001
1.027183
1.083837
1.058647
1.045500
1.094067
1.010451
1.069772
1.091857
1.012166
1.086701
1.061326
1.005173
1.042631
1.020129
1.036837
1.002964
1.000159
1.023023
1.004651
1.090217
1.023188
1.014256
1.083148
1.095789
1.029362
1.057755
1.071350
1.040680
1.064033
1.077863
1.057681
1.091216
1.061700
1.016328
1.036716
1.055766
1.026780
1.006488
1.047623
1.038946
1.093189
1.008949
1.044119
1.035820
1.029078
1.080956
1.038784
1.029237
1.003978
1.043435
1.019453
1.027167
1.057690
1.002601
1.022956
1.087053
1.060356
1.094306
1.027733
1.024389
1.072169
1.085414
1.015606
1.033869
1.001742
1.052322
1.089635
1.028522
1.058810
1.037258
1.067467
1.052000
1.046207
1.011586
1.087820
1.075285
1.092542
1.026604
1.004522
1.096520
1.070039
1.023975
1.023687
1.027729
1.026576
1.046643
1.014782
1.086932
1.040949
1.042514
1.011321
1.013118
1.027928
1.026927
1.046987
1.029670
1.079249
1.036622
1.058192
1.038059
1.073881
1.025659
1.090059
1.020088
1.037245
1.077878
1.095373
1.029787
1.004482
1.099895
1.026307
1.074521
1.023870
1.049994
1.002250
1.050447
1.096638
1.017032
1.037379
1.037587
1.059546
1.048700
1.050705
1.087474
1.075627
1.097692
1.017144
1.054876
1.034314
1.075336
1.092935
1.008195
1.000995
1.082993
1.028283
1.038241
1.060872
1.023656
1.068028
1.065354
1.023551
1.094335
1.039875
1.047422
1.044329
1.042124
1.097868
1.040967
1.059156
1.035247
1.078554
1.018702
1.083947
1.029259
1.006176
1.059573
1.026951
1.023321
1.014449
1.061265
1.098657
1.007384
1.069460
1.099652
1.090377
1.097743
1.037893
1.051249
1.021399
1.005921
1.016602
1.044951
1.000256
1.056477
1.092372
1.044585
1.098601
1.090241
1.085552
1.057757
1.025488
1.064105
1.076459
1.009434
1.093364
1.082635
1.069008
1.020314
1.005956
1.083457
1.081579
1.004613
1.090841
1.051040
1.004265
1.081218
1.048783
1.042158
1.032466
1.070182
1.048078
1.049068
1.015132
1.048334
1.005545
1.007505
1.092919
1.004146
1.097745
1.078470
1.061903
1.023233
1.042575
1.038362
1.032667
1.035939
1.020997
1.001675
1.056253
1.026953
1.085132
1.037833
1.031566
1.075972
1.088872
1.035831
1.057190
1.037655
1.077989
1.089656
1.007836
1.026067
1.038724
1.022969
1.074401
1.044269
1.030473
1.067320
1.048416
1.028219
1.045790
1.010319
1.051452
1.088365
1.048681
1.084119
1.024304
1.069679
1.085794
1.080557
1.096632
1.070926
1.018390
1.028198
1.046899
1.007262
1.064029
1.004089
1.044917
1.042018
1.093745
1.052754
1.068085
1.032469
1.075722
1.042486
1.076738
1.006196
1.009806
1.025154
1.034415
1.055596
1.035473
1.085867
1.043961
1.084154
1.069986
1.068265
1.053833
1.055781
1.048822
1.050465
1.026707
1.067213
1.078663
1.073606
1.074475
1.042692
1.077694
1.019392
1.084709
1.071439
1.072146
1.052794
1.003908
1.047868
1.095280
1.080646
1.054065
1.005085
1.005800
1.088480
1.060681
1.041273
1.074347
1.004641
1.025428
1.044333
1.072906
1.079260
1.000114
1.021729
1.029725
1.026821
1.088941
1.008388
1.000427
1.063416
1.051079
1.078121
1.082809
1.035789
1.049560
1.054955
1.088582
1.053468
1.002823
1.083862
1.034114
1.056888
1.088947
1.039915
1.045367
1.049628
1.081188
1.019714
1.054269
1.006616
1.064047
1.027175
1.085876
1.064160
1.048904
1.015601
1.090981
1.037846
1.023989
1.091408
1.001262
1.075068
1.069529
1.084071
1.010857
1.019089
1.039026
1.099439
1.072558
1.041849
1.083301
1.006672
1.098737
1.072248
1.046587
1.044104
1.021876
1.027775
1.063818
1.076145
1.034390
1.027865
1.003320
1.020266
1.092025
1.052224
1.035867
1.083007
1.090070
1.059856
1.074415
1.091333
1.034924
1.043944
1.075404
1.045781
1.063034
1.014430
1.045220
1.035591
1.056279
1.028521
1.042263
1.055016
1.000769
1.088850
1.099120
1.022644
1.016624
1.062938
1.098789
1.051014
1.090803
1.002109
1.071280
1.082829
1.054333
1.007148
1.065835
1.044403
1.067004
1.040250
1.035736
1.001928
1.084194
1.011139
1.047709
1.047228
1.025569
1.092929
1.082819
1.081848
1.021450
1.025082
1.036864
1.022218
1.013932
1.035984
1.044862
1.030556
1.098922
1.043651
1.081571
1.089726
1.045760
1.052851
1.072554
1.000093
1.059999
1.038390
1.044496
1.027002
1.078640
1.080232
1.028930
1.062834
1.091372
1.076639
1.010062
1.016941
1.069568
1.092881
1.098788
1.091018
1.017964
1.035652
1.013236
1.031896
1.071636
1.058098
1.062452
1.070559
1.001749
1.044022
1.060284
1.047509
1.096873
1.032839
1.047602
1.056872
1.071228
1.092099
1.083874
1.049868
1.072331
1.012804
1.012702
1.063702
1.089444
1.022764
1.080643
1.059011
1.015645
1.079432
1.050029
1.033609
1.015084
1.063265
1.065504
1.086720
1.021363
1.027956
1.057279
1.023113
1.071978
1.017563
1.070622
1.068851
1.050402
1.018224
1.025723
1.021631
1.010323
1.009597
1.071499
1.082654
1.022401
1.084201
1.046356
1.011845
1.006965
1.027000
1.070856
1.022610
1.006431
1.020885
1.056219
1.021515
1.084150
1.021723
1.008235
1.005514
1.049679
1.065515
1.028626
1.021658
1.083078
1.099249
1.090509
1.033480
1.017473
1.016232
1.055111
1.027796
1.025829
1.026609
1.010450
1.048230
1.010810
1.056807
1.060075
1.017775
1.083806
1.030932
1.040385
1.090237
1.051817
1.096604
1.011753
1.035968
1.018327
1.019988
1.041481
1.068006
1.085503
1.070108
1.089664
1.068581
1.069356
1.080173
1.002061
1.086829
1.096404
1.057172
1.014625
1.022233
1.083781
1.025076
1.070463
1.094591
1.081882
1.030539
1.012365
1.065688
1.061470
1.052750
1.055926
1.013287
1.049353
1.067679
1.049255
1.067680
1.087667
1.090736
1.035687
1.073170
1.060844
1.025351
1.041750
1.030200
1.005523
1.043811
1.017030
1.001928
1.000983
1.031655
1.024161
1.084764
1.056731
1.094624
1.079355
1.038613
1.025163
1.091720
1.004301
1.086633
1.044470
1.060227
1.099921
1.093823
1.027906
1.049176
1.061504
1.015573
1.039912
1.097191
1.088742
1.000756
1.022541
1.030493
1.030957
1.028065
1.074304
1.047986
1.029992
1.075287
1.079642
1.054153
1.060051
1.036372
1.048778
1.039405
1.074985
1.073941
1.031125
1.079287
1.060574
1.075595
1.039514
1.060495
1.069419
1.067420
1.009670
1.030922
1.082993
1.049582
1.028113
1.071735
1.050339
1.050654
1.002228
1.081295
1.078719
1.076532
1.029281
1.008711
1.051819
1.008923
1.062864
1.011869
1.045296
1.011642
1.051275
1.020281
1.085583
1.082400
1.099568
1.046157
1.057995
1.039082
1.006652
1.027413
1.006501
1.016322
1.058336
1.089494
1.065905
1.086449
1.061229
1.016243
1.037103
1.063456
1.097538
1.015822
1.039988
1.026820
1.024533
1.091807
1.035743
1.087398
1.003676
1.081039
1.099040
1.054950
1.001320
1.084623
1.037350
1.000887
1.030780
1.095345
1.039969
1.037432
1.022759
1.046470
1.053754
1.081094
1.035964
1.019659
1.067543
1.097193
1.035902
1.004646
1.060649
1.033441
1.020468
1.000637
1.060260
1.045001
1.092444
1.096003
1.032399
1.096120
1.077042
1.031439
1.051070
1.078362
1.016061
1.088421
1.079249
1.046841
1.083766
1.019217
1.084273
1.006524
1.065688
1.038028
1.087619
1.001652
1.057687
1.055162
1.098844
1.093589
1.059808
1.059493
1.027029
1.080276
1.060131
1.087290
1.025277
1.052574
1.083293
1.057676
1.048694
1.060335
1.089115
1.099764
1.038697
1.005176
1.088185
1.017945
1.052017
1.071950
1.037163
1.036291
1.078475
1.002851
1.074318
1.066093
1.004502
1.032005
1.021255
1.003346
1.025593
1.081063
1.062840
1.052623
1.061339
1.022971
1.039912
1.086617
1.075545
1.023206
1.044293
1.024239
1.083541
1.033408
1.024003
1.022237
1.038584
1.012188
1.040183
1.090601
1.084139
1.077345
1.026892
1.062613
1.080196
1.001210
1.028707
1.084698
1.033214
1.049962
1.088045
1.058808
1.031025
1.050884
1.011431
1.092364
1.073855
1.051343
1.078980
1.049400
1.074549
1.023273
1.073639
1.058089
1.056681
1.097642
1.080326
1.095264
1.009831
1.020509
1.085865
1.093969
1.097854
1.012757
1.056582
1.078050
1.013967
1.085289
1.062748
1.047181
1.035251
1.050793
1.005989
1.066275
1.001677
1.017419
1.058639
1.075532
1.068762
1.037620
1.024932
1.043311
1.060893
1.098571
1.001400
1.017574
1.096214
1.081727
1.012838
1.006044
1.002236
1.098704
1.000013
1.000090
1.011461
1.056596
1.078140
1.025428
1.041885
1.040889
1.072609
1.077136
1.091682
1.078598
1.043411
1.093359
1.096017
1.002050
1.068892
1.064779
1.039670
1.093824
1.008090
1.000563
1.092395
1.009490
1.018137
1.088609
1.091216
1.030975
1.094653
1.093452
1.029679
1.094666
1.093542
1.041140
1.051262
1.071682
1.066568
1.093147
1.012571
1.039177
1.070283
1.004253
1.017774
1.013694
1.097612
1.013791
1.015744
1.066504
1.078570
1.055414
1.060328
1.086660
1.055977
1.052723
1.096150
1.074115
1.041331
1.087366
1.005090
1.035984
1.080819
1.034769
1.030651
1.074361
1.075909
1.081913
1.046043
1.042477
1.075060
1.058614
1.081654
1.045342
1.062867
1.099428
1.059036
1.060479
1.013219
1.074780
1.026983
1.091789
1.030194
1.087311
1.078450
1.086172
1.040033
1.074600
1.060286
1.081365
1.061966
1.065376
1.017349
1.042785
1.000145
1.048000
1.017145
1.076055
1.029912
1.063188
1.018532
1.004972
1.021802
1.000186
1.050315
1.084669
1.099614
1.009351
1.045149
1.012833
1.084131
1.072132
1.004623
1.014325
1.059442
1.083072
1.000497
1.099476
1.057672
1.060783
1.080840
1.019638
1.026159
1.098189
1.062423
1.026304
1.046189
1.079568
1.002359
1.076102
1.042756
1.020890
1.081074
1.064558
1.021076
1.031389
1.049228
1.020690
1.040739
1.094376
1.033523
1.024870
1.066508
1.038146
1.039195
1.025951
1.021218
1.039691
1.025426
1.078890
1.000474
1.006267
1.098528
1.026633
1.004456
1.060950
1.052937
1.050645
1.040518
1.055296
1.026747
1.083274
1.076186
1.007821
1.047832
1.097262
1.039210
1.097059
1.017952
1.079949
1.091436
1.051475
1.004819
1.057944
1.089621
1.044014
1.083894
1.010839
1.083706
1.009321
1.089729
1.084180
1.015587
1.088257
1.010813
1.020043
1.049207
1.063749
1.070689
1.089725
1.019045
1.097436
1.072998
1.095231
1.005257
1.020830
1.092493
1.044467
1.017889
1.010445
1.024417
1.009325
1.061921
1.029236
1.067268
1.051542
1.073250
1.051163
1.062381
1.056956
1.060483
1.052110
1.041136
1.076071
1.040367
1.051948
1.096114
1.089574
1.015698
1.066803
1.079298
1.034743
1.064239
1.052296
1.029974
1.069497
1.073126
1.022467
1.013964
1.091015
1.032912
1.038381
1.000339
1.094833
1.067617
1.067608
1.046375
1.040867
1.018770
1.008757
1.097823
1.079254
1.060867
1.038959
1.055324
1.001233
1.090907
1.051439
1.090807
1.006605
1.018242
1.070105
1.041348
1.082481
1.022401
1.071321
1.051977
1.095527
1.093788
1.065941
1.086542
1.026700
1.004322
1.086881
1.021533
1.071939
1.054489
1.067909
1.012806
1.073259
1.076665
1.010629
1.052513
1.037532
1.049588
1.007837
1.038765
1.040496
1.059276
1.029572
1.047101
1.077518
1.099677
1.088448
1.059998
1.022078
1.059769
1.011976
1.017604
1.053557
1.077917
1.004146
1.080257
1.082239
1.091027
1.001790
1.054178
1.045515
1.069699
1.066984
1.018774
1.046364
1.077614
1.071287
1.083896
1.027202
1.079124
1.022661
1.067698
1.038400
1.052233
1.014799
1.015918
1.051909
1.003247
1.075916
1.073987
1.063016
1.087892
1.091591
1.016573
1.065809
1.095737
1.096830
1.048048
1.086764
1.098620
1.002226
1.032279
1.068319
1.069211
1.051053
1.014683
1.046825
1.022340
1.098579
1.074027
1.001464
1.021240
1.041725
1.039865
1.073473
1.056524
1.055782
1.025382
1.059771
1.031698
1.099370
1.022787
1.019590
1.090961
1.039360
1.085398
1.086698
1.036190
1.033446
1.073462
1.034810
1.035673
1.005741
1.003129
1.004883
1.056794
1.017813
1.051708
1.079134
1.016392
1.025735
1.080599
1.037632
1.067460
1.020464
1.011105
1.023984
1.076246
1.036487
1.083755
1.007944
1.035857
1.006542
1.027534
1.026818
1.045901
1.012932
1.013516
1.082091
1.046379
1.086978
1.016901
1.082051
1.092719
1.020030
1.086935
1.049513
1.037843
1.038643
1.028648
1.054235
1.064377
1.009246
1.091867
1.031837
1.029710
1.002972
1.055821
1.005956
1.039459
1.039576
1.013900
1.075316
1.046118
1.041434
1.002134
1.092019
1.054366
1.015650
1.074110
1.000745
1.002628
1.091012
1.082797
1.095347
1.011042
1.069731
1.044860
1.048885
1.008374
1.073508
1.003120
1.072752
1.082754
1.094987
1.004589
1.012464
1.097959
1.060410
1.018420
1.037418
1.099986
1.032320
1.012735
1.046104
1.073754
1.014869
1.038123
1.028121
1.030519
1.012234
1.028866
1.033147
1.003245
1.011663
1.028494
1.014287
1.081394
1.073355
1.063172
1.089768
1.046863
1.066292
1.062519
1.029617
1.061279
1.067108
1.042081
1.059238
1.027519
1.060502
1.096656
1.027505
1.092822
1.009391
1.073609
1.066576
1.024260
1.011732
1.094697
1.054779
1.023966
1.023563
1.087926
1.027211
1.035226
1.016421
1.041498
1.016620
1.089775
1.004670
1.006388
1.036638
1.070962
1.068907
1.066255
1.032241
1.036016
1.008336
1.091479
1.063534
1.068838
1.088135
1.091039
1.061660
1.097526
1.064648
1.028237
1.021786
1.076381
1.022934
1.076566
1.000347
1.046497
1.064492
1.027557
1.081723
1.080912
1.069055
1.098343
1.070688
1.073725
1.004731
1.007326
1.044687
1.073638
1.073581
1.076928
1.009654
1.081917
1.068407
1.073188
1.050755
1.056542
1.064227
1.012415
1.054068
1.028876
1.040652
1.075855
1.005256
1.063586
1.052420
1.005603
1.010083
1.016912
1.033161
1.091806
1.097825
1.002216
1.090149
1.068512
1.075941
1.094880
1.075838
1.020629
1.068518
1.049418
1.097557
1.078172
1.031335
1.065964
1.051360
1.082090
1.022506
1.015587
1.094505
1.076574
1.044463
1.035157
1.052428
1.049720
1.098743
1.004848
1.055323
1.008827
1.021761
1.088483
1.000633
1.019585
1.090699
1.090783
1.088097
1.066641
1.085663
1.063935
1.087270
1.054181
1.013354
1.084826
1.032353
1.044689
1.050790
1.083713
1.026779
1.073295
1.099300
1.021284
1.049869
1.043763
1.056441
1.002298
1.093482
1.055185
1.007146
1.048805
1.064011
1.028907
1.037288
1.064644
1.048492
1.027987
1.055427
1.036589
1.094628
1.041090
1.000524
1.081898
1.095270
1.013878
1.066724
1.027623
1.058567
1.017514
1.011335
1.085346
1.090809
1.010635
1.006630
1.040679
1.054398
1.063071
1.042976
1.047881
1.018256
1.050122
1.096686
1.082267
1.079029
1.033974
1.046911
1.027521
1.061961
1.002338
1.064110
1.056590
1.043428
1.064635
1.038487
1.038698
1.078513
1.005211
1.066321
1.037079
1.022725
1.077656
1.022425
1.013535
1.088291
1.029055
1.054214
1.042689
1.092126
1.097190
1.090570
1.010381
1.047312
1.087256
1.092648
1.026342
1.021230
1.039559
1.053863
1.083191
1.041897
1.017973
1.039780
1.085325
1.082608
1.078268
1.024023
1.061120
1.083479
1.090344
1.098200
1.006205
1.068000
1.020625
1.019740
1.056291
1.049679
1.073953
1.098981
1.041805
1.071143
1.089551
1.052186
1.018456
1.076806
1.044834
1.044798
1.098036
1.084393
1.098661
1.081227
1.026291
1.016634
1.021007
1.011616
1.099241
1.099275
1.035639
1.060362
1.082754
1.025982
1.058562
1.088959
1.093982
1.079186
1.008699
1.050273
1.028866
1.082653
1.049254
1.070670
1.053796
1.038804
1.022857
1.072252
1.015610
1.067690
1.017050
1.013646
1.052084
1.015711
1.094873
1.078374
1.032344
1.015880
1.089990
1.031586
1.015155
1.025628
1.091948
1.097910
1.051610
1.050509
1.086869
1.045592
1.029696
1.095568
1.095865
1.058561
1.078221
1.045119
1.029232
1.032017
1.083923
1.052088
1.004269
1.099534
1.019779
1.021319
1.013180
1.071862
1.037030
1.008053
1.050236
1.069374
1.023933
1.040226
1.000960
1.039088
1.065855
1.092908
1.036998
1.017465
1.043417
1.023867
1.063057
1.073113
1.019436
1.058923
1.031674
1.097657
1.004042
1.060906
1.029674
1.087965
1.012994
1.033943
1.087499
1.032773
1.055262
1.000679
1.004635
1.092291
1.008732
1.054871
1.061666
1.032665
1.095098
1.062626
1.071753
1.060952
1.055533
1.008751
1.078417
1.098950
1.032619
1.041474
1.072063
1.052054
1.000397
1.003737
1.049711
1.004439
1.064642
1.079385
1.092404
1.077636
1.013327
1.079903
1.010409
1.068589
1.080581
1.015044
1.060881
1.089313
1.069915
1.022546
1.021978
1.065013
1.085172
1.093731
1.025965
1.040705
1.002482
1.004382
1.039656
1.035100
1.045857
1.011719
1.087155
1.046254
1.015455
1.036866
1.050693
1.080098
1.016250
1.043097
1.057734
1.029578
1.022999
1.068143
1.098167
1.003581
1.083187
1.059048
1.092893
1.053102
1.081594
1.014871
1.018115
1.066766
1.008602
1.044080
1.007471
1.011084
1.048462
1.047126
1.046184
1.094319
1.058845
1.033339
1.040573
1.074300
1.070204
1.091266
1.054398
1.086454
1.034363
1.012132
1.016032
1.057362
1.080275
1.014199
1.060942
1.063461
1.073246
1.053836
1.016563
1.054840
1.068707
1.034678
1.021606
1.077309
1.078757
1.029076
1.088392
1.027219
1.076203
1.034576
1.021538
1.035048
1.067915
1.062111
1.009348
1.038119
1.053376
1.063746
1.024574
1.087739
1.075878
1.040605
1.045101
1.056153
1.054804
1.006043
1.019614
1.028051
1.059879
1.036177
1.082891
1.028586
1.070854
1.004496
1.005895
1.049611
1.033573
1.094287
1.076830
1.009775
1.028863
1.098368
1.044823
1.096778
1.060479
1.054171
1.034898
1.013856
1.017917
1.059471
1.001595
1.093794
1.000077
1.046695
1.049947
1.054881
1.052739
1.069561
1.082931
1.012618
1.005737
1.065822
1.041204
1.076591
1.070318
1.047099
1.026203
1.003891
1.041386
1.003033
1.013666
1.070250
1.001402
1.058489
1.067028
1.061881
1.012660
1.001926
1.075736
1.030576
1.061397
1.077331
1.024371
1.061473
1.024026
1.074318
1.016354
1.076765
1.043878
1.099285
1.089383
1.049616
1.065107
1.030587
1.026207
1.035425
1.077687
1.052410
1.039316
1.019073
1.055443
1.052982
1.089323
1.056845
1.011471
1.056351
1.018725
1.024131
1.058276
1.094462
1.054708
1.019673
1.071793
1.079078
1.081146
1.095819
1.053396
1.097500
1.072584
1.097274
1.096785
1.061967
1.046890
1.061892
1.092555
1.073097
1.097317
1.070241
1.025507
1.036632
1.089314
1.080950
1.089614
1.078637
1.037795
1.001085
1.034987
1.056520
1.025216
1.093264
1.050982
1.079924
1.012936
1.022775
1.059002
1.094083
1.018594
1.012398
1.091583
1.091178
1.009673
1.088368
1.053146
1.056563
1.050259
1.045700
1.029660
1.047576
1.015942
1.055167
1.084209
1.005256
1.036118
1.073823
1.083892
1.073913
1.074908
1.018880
1.030433
1.000125
1.012143
1.081415
1.080049
1.025080
1.004190
1.039051
1.019162
1.022784
1.051449
1.010745
1.013963
1.061122
1.099112
1.067109
1.017685
1.049372
1.012809
1.047345
1.096948
1.028751
1.002512
1.081157
1.034006
1.038630
1.054980
1.017899
1.012542
1.029889
1.036778
1.042976
1.030013
1.048921
1.024391
1.010062
1.074001
1.028581
1.049112
1.093163
1.051366
1.000561
1.003908
1.065329
1.061683
1.003021
1.032437
1.079368
1.052393
1.045246
1.026712
1.049341
1.073997
1.029225
1.030498
1.008003
1.067854
1.085478
1.025902
1.080397
1.015367
1.062680
1.023372
1.045380
1.011602
1.047763
1.055442
1.085603
1.076345
1.004554
1.078766
1.027711
1.005116
1.082674
1.093039
1.066799
1.085695
1.025476
1.046167
1.038088
1.070722
1.072879
1.087429
1.044719
1.002104
1.017927
1.052722
1.069958
1.003405
1.078624
1.050355
1.018772
1.041304
1.073727
1.064151
1.052906
1.021491
1.019593
1.038508
1.097835
1.024147
1.017274
1.025546
1.029263
1.099949
1.018585
1.096062
1.085644
1.044061
1.042228
1.023732
1.014784
1.015107
1.011160
1.059503
1.017211
1.029087
1.012225
1.087169
1.032492
1.090849
1.037524
1.051263
1.032153
1.011251
1.015415
1.085059
1.032741
1.035008
1.023567
1.030576
1.059155
1.040842
1.056122
1.088418
1.040791
1.074707
1.084480
1.026435
1.018769
1.026708
1.050166
1.033552
1.041816
1.061327
1.093055
1.059027
1.090414
1.005280
1.046195
1.022906
1.096129
1.083719
1.074169
1.028282
1.094969
1.089584
1.013341
1.027711
1.024592
1.036908
1.058287
1.083747
1.077750
1.014409
1.072166
1.018540
1.089117
1.056646
1.044975
1.007885
1.083354
1.095141
1.041437
1.025170
1.056468
1.034492
1.084196
1.046882
1.039772
1.030392
1.069788
1.035901
1.014111
1.043958
1.064183
1.009080
1.033542
1.077524
1.036791
1.058134
1.014432
1.095078
1.041881
1.092181
1.009487
1.014047
1.010722
1.098603
1.070693
1.055697
1.006489
1.054047
1.050838
1.047926
1.079217
1.007306
1.082418
1.063414
1.054189
1.022190
1.093805
1.023977
1.058091
1.007916
1.067935
1.022274
1.016996
1.001476
1.099798
1.053787
1.059610
1.014230
1.048864
1.001492
1.006411
1.058351
1.015539
1.017133
1.056955
1.086232
1.072830
1.063443
1.040279
1.023668
1.011369
1.019496
1.030974
1.093787
1.082910
1.085163
1.015977
1.076715
1.009139
1.074068
1.084631
1.077074
1.096343
1.001627
1.078550
1.096141
1.055413
1.038161
1.010371
1.004278
1.039652
1.016782
1.062629
1.055191
1.033915
1.019583
1.041423
1.006745
1.083027
1.081702
1.030413
1.094395
1.001198
1.061386
1.088182
1.084108
1.046549
1.004159
1.060823
1.055688
1.078228
1.045454
1.032762
1.074570
1.047081
1.011312
1.070711
1.002494
1.049473
1.081082
1.006772
1.089126
1.097864
1.069401
1.044317
1.031779
1.088984
1.085740
1.038524
1.072011
1.067442
1.068937
1.066406
1.068640
1.030323
1.054589
1.052748
1.076872
1.058748
1.013571
1.032560
1.036976
1.059025
1.065322
1.011546
1.006106
1.076635
1.082257
1.008601
1.026108
1.063339
1.015373
1.015233
1.061203
1.084774
1.059550
1.092982
1.073758
1.045290
1.031506
1.045768
1.012732
1.000442
1.012175
1.081372
1.030766
1.066763
1.034120
1.007638
1.025511
1.047691
1.040198
1.062487
1.006716
1.005520
1.074033
1.012823
1.082155
1.056290
1.021423
1.008263
1.019628
1.036796
1.023497
1.080831
1.021569
1.083047
1.073813
1.095327
1.028337
1.005319
1.041096
1.041069
1.005761
1.053270
1.022441
1.036526
1.020034
1.056561
1.044164
1.045545
1.004253
1.084362
1.008032
1.010969
1.089882
1.082065
1.023792
1.072037
1.038355
1.045215
1.080300
1.057983
1.082011
1.003797
1.038814
1.003580
1.086843
1.012627
1.098907
1.015180
1.017945
1.040003
1.056249
1.023706
1.093274
1.078690
1.060232
1.013307
1.035251
1.004396
1.058852
1.039504
1.088758
1.066884
1.050473
1.078640
1.048949
1.074264
1.050677
1.087304
1.019479
1.030977
1.045287
1.001490
1.034774
1.084100
1.005070
1.021617
1.096727
1.003977
1.036797
1.014672
1.043980
1.093046
1.038378
1.037254
1.071736
1.098610
1.050561
1.006986
1.003007
1.009413
1.046490
1.091765
1.076298
1.096963
1.070405
1.025247
1.071227
1.021081
1.012551
1.090706
1.052059
1.057837
1.092196
1.086832
1.041938
1.097266
1.008450
1.038665
1.001243
1.045247
1.053337
1.045223
1.038293
1.091715
1.082477
1.010028
1.090325
1.033038
1.017014
1.093332
1.042452
1.063504
1.085096
1.018749
1.060467
1.055501
1.043996
1.031694
1.076582
1.056547
1.022400
1.028641
1.014385
1.014596
1.015473
1.056323
1.011862
1.023923
1.094988
1.013105
1.069170
1.048325
1.058328
1.007462
1.040040
1.040805
1.017490
1.030365
1.073843
1.034505
1.023696
1.016294
1.098009
1.008793
1.035044
1.058476
1.064294
1.079040
1.090170
1.040876
1.035588
1.012569
1.069517
1.049972
1.027165
1.084990
1.006295
1.039027
1.008913
1.001283
1.052131
1.078083
1.049608
1.010459
1.085545
1.089647
1.051264
1.003035
1.020012
1.025107
1.037540
1.043708
1.041401
1.035549
1.052501
1.076445
1.094025
1.016795
1.055485
1.084194
1.057670
1.091073
1.096764
1.027187
1.041045
1.023929
1.012177
1.047340
1.062955
1.021091
1.048623
1.015087
1.099173
1.098231
1.025546
1.084718
1.087878
1.076810
1.087754
1.007890
1.001917
1.025293
1.051598
1.043318
1.060842
1.004099
1.019763
1.054867
1.020894
1.075248
1.039061
1.078564
1.066321
1.035825
1.005751
1.007366
1.059753
1.017929
1.054706
1.022709
1.039019
1.003329
1.037795
1.038193
1.001560
1.063341
1.022911
1.089438
1.040151
1.010665
1.097327
1.042067
1.035958
1.048925
1.085385
1.096800
1.053024
1.005148
1.051667
1.073918
1.080396
1.090729
1.052482
1.046716
1.026553
1.058234
1.054083
1.086307
1.076162
1.008789
1.009015
1.015182
1.012118
1.046811
1.053374
1.013678
1.010152
1.076285
1.003116
1.050302
1.086950
1.000444
1.092369
1.022908
1.049369
1.077754
1.019708
1.002394
1.082902
1.071375
1.076312
1.063298
1.062104
1.028794
1.010014
1.088657
1.087028
1.064096
1.074964
1.063190
1.072885
1.083979
1.078372
1.085003
1.030790
1.031746
1.098682
1.040941
1.008031
1.001798
1.091244
1.094981
1.002242
1.083613
1.017889
1.051611
1.061367
1.037597
1.054005
1.044269
1.008973
1.030316
1.007566
1.071077
1.059110
1.017580
1.059734
1.046138
1.081677
1.034698
1.009328
1.054562
1.018677
1.087700
1.039566
1.049467
1.019446
1.038247
1.090408
1.027477
1.040045
1.081652
1.022458
1.042287
1.065265
1.040348
1.093898
1.026632
1.077945
1.047903
1.070901
1.086918
1.078219
1.078467
1.057995
1.037329
1.096047
1.017729
1.083467
1.077724
1.052427
1.092795
1.032286
1.071105
1.080494
1.071851
1.020572
1.099940
1.010099
1.010980
1.027417
1.050144
1.092632
1.049875
1.092432
1.057897
1.090223
1.086330
1.084528
1.068168
1.034232
1.055429
1.055086
1.012451
1.033896
1.013081
1.049781
1.029943
1.030810
1.033248
1.007667
1.083238
1.026042
1.039953
1.054342
1.006537
1.011804
1.074914
1.006477
1.021903
1.085894
1.033894
1.072047
1.078526
1.083769
1.064479
1.036422
1.073992
1.050809
1.020951
1.042160
1.085041
1.076380
1.097246
1.097492
1.010276
1.010327
1.047273
1.040219
1.041137
1.080521
1.047886
1.024375
1.006563
1.087838
1.078717
1.013100
1.099642
1.053631
1.019577
1.021545
1.039525
1.053470
1.093593
1.018051
1.037240
1.058071
1.054473
1.011232
1.008880
1.075424
1.053392
1.093921
1.051804
1.050638
1.091413
1.062080
1.060965
1.038686
1.002298
1.002103
1.019207
1.050184
1.026478
1.025770
1.038022
1.005195
1.038870
1.037665
1.058826
1.058446
1.059210
1.098351
1.011917
1.052802
1.016402
1.049156
1.010874
1.070875
1.060388
1.019754
1.046299
1.013780
1.013674
1.098103
1.064418
1.005088
1.060183
1.025383
1.043774
1.062481
1.027486
1.062981
1.012665
1.053964
1.088751
1.050688
1.059159
1.027621
1.088352
1.017985
1.086067
1.047562
1.016336
1.097984
1.000365
1.032737
1.047140
1.011238
1.003612
1.007528
1.030992
1.049911
1.021307
1.044667
1.048014
1.085725
1.049754
1.008197
1.011109
1.093529
1.070678
1.038595
1.056510
1.083343
1.092559
1.045261
1.034031
1.051718
1.072882
1.022383
1.069703
1.058949
1.069945
1.086039
1.056932
1.070310
1.018776
1.004072
1.081548
1.022388
1.011600
1.012540
1.072299
1.032907
1.057207
1.020313
1.018633
1.006961
1.028510
1.029741
1.000490
1.099188
1.068336
1.056999
1.082531
1.060895
1.002260
1.016562
1.012613
1.075142
1.038945
1.082315
1.034090
1.008890
1.068354
1.091023
1.079200
1.087130
1.095095
1.060748
1.009518
1.006695
1.073288
1.081817
1.039602
1.030495
1.002130
1.058235
1.037456
1.030640
1.087976
1.037945
1.029827
1.056312
1.094945
1.012358
1.017207
1.097205
1.028920
1.029819
1.072347
1.067865
1.012135
1.006437
1.076754
1.080488
1.097460
1.055954
1.067618
1.092555
1.016702
1.077136
1.099249
1.089990
1.058953
1.038851
1.020484
1.061082
1.097086
1.057940
1.091722
1.085062
1.095886
1.021550
1.041374
1.090830
1.033908
1.058581
1.088035
1.062828
1.088400
1.060382
1.030693
1.000535
1.066819
1.007447
1.081023
1.064278
1.063401
1.048641
1.056833
1.080103
1.025777
1.056082
1.070093
1.084730
1.094934
1.090577
1.045812
1.092020
1.048517
1.037534
1.077082
1.044403
1.059084
1.018456
1.035233
1.092992
1.077037
1.023268
1.055820
1.065438
1.083650
1.086512
1.065973
1.050469
1.093959
1.046996
1.014747
1.057360
1.095637
1.071580
1.037463
1.021415
1.027663
1.007556
1.006144
1.022597
1.098133
1.051956
1.014617
1.046650
1.089491
1.091699
1.091053
1.048574
1.010156
1.026286
1.041566
1.087193
1.049554
1.097386
1.052631
1.033205
1.083898
1.018604
1.083674
1.077858
1.065600
1.098421
1.035218
1.061237
1.070002
1.072681
1.082652
1.097665
1.080237
1.088796
1.020261
1.078370
1.040752
1.034878
1.025020
1.030243
1.026578
1.016072
1.078817
1.036733
1.042358
1.020383
1.023926
1.091913
1.017769
1.076558
1.025118
1.001667
1.095161
1.008792
1.079525
1.060761
1.007213
1.014743
1.021999
1.077214
1.087424
1.004650
1.074879
1.067661
1.093446
1.095141
1.046031
1.034199
1.030019
1.071051
1.064441
1.056597
1.087123
1.043259
1.093330
1.029481
1.063642
1.017256
1.021394
1.081411
1.093814
1.046512
1.083079
1.088975
1.055303
1.062604
1.049737
1.062516
1.077347
1.071735
1.039731
1.064771
1.076386
1.014610
1.032432
1.069832
1.009750
1.078464
1.004031
1.039769
1.049514
1.068472
1.096366
1.036637
1.011731
1.089696
1.066118
1.075373
1.006952
1.087513
1.056784
1.000766
1.034025
1.039863
1.089741
1.089328
1.002466
1.039478
1.051844
1.079813
1.011213
1.091575
1.044584
1.087599
1.006185
1.077016
1.057431
1.015935
1.055480
1.061462
1.055704
1.004994
1.029934
1.052070
1.041631
1.041664
1.041765
1.007750
1.017037
1.048717
1.095263
1.073821
1.049483
1.029287
1.013684
1.039225
1.018615
1.016150
1.078702
1.070459
1.095963
1.089916
1.062034
1.040547
1.077515
1.068218
1.017563
1.034945
1.084153
1.073043
1.096407
1.039858
1.078037
1.026340
1.091928
1.019668
1.068005
1.033693
1.027418
1.085042
1.082411
1.022681
1.058863
1.031894
1.051968
1.072547
1.071118
1.070583
1.088696
1.049821
1.041042
1.084659
1.039736
1.003075
1.025206
1.017251
1.071294
1.042769
1.052196
1.055447
1.015811
1.048603
1.095305
1.093848
1.074944
1.087233
1.013517
1.042949
1.020926
1.040934
1.027991
1.003336
1.063615
1.086854
1.035230
1.015583
1.059400
1.006348
1.086165
1.048097
1.056169
1.027207
1.032756
1.095905
1.030282
1.057962
1.013156
1.001576
1.000730
1.065352
1.057023
1.016542
1.013955
1.052328
1.010390
1.088899
1.039561
1.023907
1.031848
1.060486
1.064841
1.059838
1.063823
1.028456
1.046692
1.099052
1.044039
1.006092
1.005401
1.030204
1.054189
1.061570
1.057410
1.086945
1.057475
1.087692
1.044907
1.070631
1.089269
1.045637
1.035984
1.046292
1.062179
1.049939
1.098620
1.072569
1.038838
1.038181
1.096476
1.070686
1.098667
1.061318
1.030524
1.062490
1.089774
1.077216
1.061542
1.033813
1.083309
1.066943
1.064016
1.037498
1.028513
1.021427
1.024443
1.085988
1.009120
1.069350
1.056619
1.098388
1.014988
1.092602
1.044680
1.077167
1.042542
1.043300
1.049737
1.081380
1.081481
1.046213
1.052066
1.080148
1.007531
1.082590
1.042638
1.097305
1.059807
1.004180
1.031117
1.043115
1.071123
1.095134
1.080614
1.099636
1.016561
1.005057
1.085624
1.025680
1.074407
1.042243
1.024068
1.089395
1.034845
1.068748
1.066562
1.077386
1.012048
1.016299
1.058766
1.093529
1.062512
1.010832
1.073677
1.070043
1.093422
1.016315
1.067347
1.053229
1.020495
1.098465
1.096344
1.091618
1.093598
1.076958
1.091254
1.010159
1.082015
1.076878
1.035839
1.056423
1.019120
1.059908
1.045818
1.053965
1.028656
1.012380
1.031352
1.040704
1.028680
1.090118
1.034232
1.091192
1.000950
1.007909
1.061234
1.094373
1.024224
1.028582
1.047602
1.044719
1.027047
1.043946
1.036337
1.020645
1.020904
1.027591
1.030804
1.002919
1.004469
1.066644
1.059342
1.023590
1.026552
1.005160
1.077555
1.055207
1.017540
1.008907
1.095911
1.046220
1.099025
1.030143
1.037412
1.099975
1.038052
1.098646
1.094348
1.062276
1.027228
1.041950
1.006995
1.054275
1.085896
1.043332
1.074920
1.006801
1.070923
1.005724
1.009720
1.075392
1.072368
1.069062
1.098982
1.098920
1.074222
1.076537
1.054127
1.091763
1.085444
1.050038
1.037983
1.084469
1.080181
1.075394
1.084444
1.018233
1.074040
1.078792
1.080509
1.001268
1.020743
1.087504
1.055543
1.006639
1.030836
1.030463
1.013440
1.001760
1.036187
1.023160
1.077152
1.008555
1.092222
1.076134
1.007475
1.066445
1.052671
1.061602
1.058207
1.038115
1.011640
1.096190
1.022584
1.091821
1.071584
1.007028
1.010054
1.045624
1.085820
1.090564
1.046893
1.006563
1.078068
1.002436
1.013202
1.008904
1.032899
1.026642
1.010664
1.069086
1.049802
1.087816
1.077641
1.042025
1.063951
1.085116
1.008469
1.016622
1.046718
1.066677
1.054737
1.058357
1.062866
1.077321
1.050178
1.034451
1.084349
1.060233
1.080075
1.070169
1.050796
1.026968
1.076733
1.028864
1.029404
1.089935
1.037769
1.062302
1.016577
1.048433
1.031388
1.066379
1.036249
1.009029
1.008403
1.000200
1.094145
1.016873
1.016822
1.040863
1.083549
1.071560
1.099220
1.046416
1.048881
1.049398
1.080866
1.033230
1.009631
1.060941
1.003399
1.060427
1.087909
1.080132
1.089291
1.017313
1.070066
1.027060
1.079615
1.086643
1.075493
1.011003
1.053022
1.011742
1.020032
1.061425
1.011943
1.014176
1.078298
1.028765
1.055039
1.061847
1.000325
1.054259
1.008263
1.049205
1.003657
1.089129
1.082435
1.013288
1.050070
1.085834
1.073715
1.037979
1.065965
1.063007
1.055292
1.036032
1.090067
1.034906
1.022675
1.065559
1.045909
1.075696
1.077302
1.065941
1.037122
1.089244
1.080117
1.015419
1.018009
1.035156
1.077266
1.018334
1.089415
1.085529
1.067539
1.093073
1.074658
1.049974
1.006361
1.024728
1.035808
1.080076
1.062707
1.001773
1.043083
1.017999
1.037805
1.033150
1.052905
1.060479
1.098709
1.098815
1.036176
1.076011
1.064755
1.073297
1.065255
1.044873
1.088716
1.083264
1.080029
1.065983
1.001598
1.069444
1.051512
1.069137
1.062516
1.026170
1.019111
1.068877
1.050898
1.054919
1.048954
1.013605
1.056692
1.092037
1.031604
1.094496
1.025186
1.084510
1.054976
1.023896
1.083324
1.091151
1.099906
1.048080
1.064448
1.065161
1.092952
1.053165
1.048426
1.072981
1.019147
1.050024
1.042425
1.070659
1.019162
1.004941
1.096828
1.038273
1.073818
1.047726
1.093192
1.022772
1.061332
1.049884
1.014809
1.092936
1.044380
1.039996
1.077446
1.099356
1.063891
1.060770
1.090507
1.063797
1.008850
1.054955
1.028959
1.001802
1.008120
1.077385
1.074782
1.027267
1.027409
1.017207
1.097926
1.046570
1.022148
1.094754
1.084843
1.095966
1.042481
1.078035
1.018739
1.003812
1.027919
1.033548
1.096748
1.072299
1.073543
1.074193
1.071655
1.037434
1.034963
1.062161
1.001231
1.043813
1.017117
1.030190
1.045615
1.025236
1.007575
1.020397
1.052503
1.034984
1.037604
1.050429
1.081554
1.059752
1.045183
1.066397
1.055718
1.087664
1.044432
1.074456
1.091476
1.072351
1.008004
1.088224
1.044650
1.081547
1.062418
1.016305
1.018981
1.097381
1.078466
1.020213
1.041194
1.095583
1.050403
1.086808
1.020819
1.057978
1.007205
1.073322
1.092961
1.044809
1.023751
1.074515
1.004561
1.068934
1.040912
1.060279
1.056598
1.085345
1.034735
1.048074
1.057696
1.042739
1.036298
1.002346
1.024286
1.098716
1.018651
1.043267
1.096097
1.097117
1.063480
1.037290
1.092700
1.013883
1.024099
1.013519
1.071861
1.031304
1.086841
1.064822
1.076113
1.010592
1.039337
1.080674
1.079527
1.080249
1.040953
1.036125
1.065594
1.075688
1.084199
1.023290
1.018427
1.020497
1.025636
1.042714
1.019213
1.044287
1.085981
1.015310
1.041404
1.049461
1.052600
1.034104
1.063345
1.076698
1.047623
1.035205
1.008002
1.034465
1.000027
1.084116
1.045057
1.039364
1.064789
1.024584
1.019614
1.005742
1.060709
1.085208
1.081430
1.044908
1.008498
1.099858
1.065406
1.034134
1.042572
1.084619
1.078421
1.028553
1.099928
1.019825
1.078014
1.052528
1.053930
1.041359
1.029226
1.001553
1.076565
1.037229
1.036018
1.076592
1.021344
1.081075
1.015956
1.086134
1.005659
1.035570
1.091876
1.066368
1.020778
1.073306
1.011276
1.029276
1.073164
1.076682
1.063410
1.015736
1.061300
1.041831
1.044289
1.061228
1.061657
1.022303
1.013756
1.015586
1.063662
1.042983
1.017139
1.040227
1.080212
1.053157
1.016819
1.001556
1.034232
1.032775
1.087690
1.039891
1.068346
1.079566
1.006258
1.089124
1.052872
1.017534
1.018400
1.026037
1.094216
1.081810
1.041772
1.055516
1.023642
1.086061
1.016744
1.085299
1.008365
1.030501
1.000885
1.072027
1.073484
1.018025
1.012254
1.053695
1.071182
1.029073
1.055251
1.005413
1.061848
1.042941
1.045304
1.030193
1.022507
1.051562
1.019317
1.075379
1.069096
1.037717
1.001416
1.063312
1.019528
1.043188
1.018828
1.043170
1.029250
1.035573
1.028469
1.037614
1.066073
1.029354
1.009641
1.039557
1.047379
1.021895
1.093253
1.018561
1.050968
1.048504
1.023974
1.012816
1.091445
1.069278
1.043009
1.013952
1.020840
1.062326
1.089331
1.089936
1.000044
1.090747
1.053249
1.019571
1.033935
1.072077
1.062741
1.063185
1.007649
1.091210
1.000799
1.073723
1.020564
1.010440
1.013280
1.067943
1.032336
1.006532
1.086504
1.083303
1.055036
1.010477
1.096119
1.046481
1.079755
1.039128
1.060433
1.000595
1.001455
1.049765
1.090532
1.001498
1.040511
1.043780
1.021070
1.074447
1.015857
1.083811
1.037631
1.023506
1.075021
1.038430
1.097229
1.095586
1.048871
1.010508
1.063529
1.081206
1.017041
1.050032
1.064510
1.072077
1.060510
1.060629
1.018558
1.040265
1.099757
1.078991
1.040860
1.001212
1.028756
1.031392
1.002710
1.069267
1.075172
1.023780
1.043714
1.091029
1.007591
1.081345
1.014535
1.082613
1.019775
1.011764
1.078198
1.068646
1.022272
1.041727
1.049852
1.039313
1.091759
1.014362
1.011390
1.052269
1.074990
1.029948
1.092534
1.074748
1.008939
1.033394
1.075960
1.037695
1.064786
1.078670
1.006962
1.039958
1.002450
1.050676
1.030988
1.010041
1.032021
1.045523
1.092654
1.051797
1.057287
1.070852
1.020442
1.079559
1.012579
1.070294
1.018872
1.004338
1.084656
1.030262
1.056607
1.059646
1.060210
1.049141
1.034394
1.069149
1.082535
1.010353
1.006844
1.047321
1.089023
1.013806
1.087279
1.091473
1.064483
1.018267
1.001514
1.096504
1.063790
1.094168
1.048301
1.021076
1.065020
1.068743
1.000636
1.077599
1.039037
1.019508
1.081938
1.023693
1.049770
1.038545
1.083339
1.009980
1.087685
1.017733
1.079129
1.070220
1.028086
1.085973
1.017541
1.017109
1.099779
1.004820
1.008582
1.064262
1.023087
1.010096
1.060766
1.086877
1.004264
1.009067
1.007953
1.069285
1.077810
1.008589
1.046884
1.016847
1.028097
1.028822
1.040540
1.077867
1.067366
1.023879
1.087847
1.055052
1.041612
1.066976
1.025272
1.069697
1.052948
1.042813
1.086806
1.052728
1.047634
1.095388
1.016990
1.070721
1.005484
1.077756
1.057598
1.009749
1.086823
1.065551
1.079033
1.064633
1.074140
1.025918
1.081479
1.002237
1.054739
1.022019
1.080104
1.022106
1.045898
1.067951
1.077157
1.087510
1.034927
1.002429
1.057207
1.087875
1.045242
1.044014
1.040603
1.092876
1.039402
1.057593
1.063597
1.044886
1.035349
1.021195
1.054635
1.022172
1.086746
1.033668
1.086805
1.060887
1.059586
1.068284
1.063124
1.014325
1.090303
1.043228
1.036431
1.036201
1.011180
1.013588
1.023711
1.046107
1.016018
1.080918
1.033982
1.061260
1.024932
1.074586
1.054136
1.064333
1.032179
1.017733
1.009219
1.067528
1.038928
1.063854
1.089700
1.025674
1.097522
1.076505
1.086560
1.057108
1.044789
1.049684
1.071433
1.035092
1.092913
1.007864
1.071294
1.004092
1.021452
1.095005
1.050199
1.037470
1.075923
1.084181
1.098730
1.000855
1.058767
1.052867
1.065189
1.090946
1.070600
1.074408
1.058474
1.009527
1.038262
1.048174
1.035201
1.035784
1.024679
1.021762
1.092892
1.069468
1.071446
1.064324
1.004561
1.064359
1.072188
1.075855
1.068451
1.093640
1.070860
1.018650
1.031111
1.046783
1.002831
1.029841
1.047639
1.061598
1.082708
1.012827
1.052543
1.053307
1.087235
1.011017
1.062835
1.025497
1.059191
1.098036
1.061282
1.083871
1.019798
1.054173
1.053339
1.091244
1.018498
1.057900
1.055602
1.090686
1.033755
1.024053
1.084327
1.004615
1.042703
1.015437
1.051398
1.045534
1.045278
1.099037
1.007132
1.027986
1.011864
1.059675
1.081293
1.099099
1.070693
1.044127
1.024597
1.029884
1.042163
1.085878
1.013755
1.061961
1.040051
1.067094
1.053205
1.058549
1.024994
1.008807
1.049235
1.058750
1.032860
1.033562
1.063365
1.075563
1.048999
1.014763
1.021097
1.094278
1.013799
1.028229
1.022263
1.025663
1.087905
1.003556
1.024762
1.058597
1.047683
1.049359
1.088481
1.089847
1.035237
1.002236
1.051808
1.075289
1.069331
1.005013
1.033838
1.094325
1.013820
1.083073
1.053075
1.046680
1.016636
1.016439
1.022243
1.065635
1.031202
1.043340
1.059913
1.045001
1.071570
1.082176
1.070664
1.059474
1.085732
1.095427
1.018071
1.033415
1.044786
1.006553
1.023262
1.080023
1.008789
1.075070
1.055312
1.078119
1.080083
1.089150
1.072444
1.093902
1.072223
1.025519
1.040582
1.088859
1.041958
1.062825
1.054494
1.073160
1.006166
1.014406
1.018161
1.077735
1.096582
1.088826
1.037209
1.082314
1.084252
1.055281
1.015729
1.029038
1.061833
1.038990
1.009061
1.070622
1.014060
1.064373
1.048741
1.094143
1.053522
1.021186
1.088045
1.025746
1.046705
1.028628
1.014605
1.088663
1.091453
1.069098
1.061824
1.097619
1.083505
1.079985
1.075355
1.080087
1.068811
1.012564
1.062401
1.053063
1.067845
1.078129
1.082101
1.029678
1.017120
1.091163
1.000300
1.031180
1.055536
1.049042
1.025323
1.009058
1.070228
1.013369
1.034804
1.016933
1.041996
1.049408
1.005596
1.033450
1.018507
1.067420
1.031069
1.002012
1.047405
1.006424
1.082098
1.016215
1.018988
1.044499
1.069278
1.086832
1.022629
1.051380
1.016510
1.039748
1.042543
1.016811
1.070929
1.098078
1.065852
1.096252
1.007136
1.036080
1.009620
1.041940
1.053012
1.051617
1.091348
1.058608
1.085067
1.009855
1.026028
1.016136
1.011867
1.073432
1.022560
1.093965
1.089648
1.041547
1.038464
1.058926
1.028380
1.061093
1.010306
1.044890
1.000841
1.052849
1.061700
1.071770
1.050927
1.027553
1.068022
1.058063
1.063632
1.077642
1.000003
1.016645
1.029259
1.091351
1.075253
1.014325
1.001206
1.001281
1.030461
1.013073
1.074714
1.053021
1.007038
1.064361
1.094568
1.045502
1.023288
1.022948
1.006595
1.033594
1.067837
1.007436
1.086442
1.029538
1.079206
1.037369
1.057091
1.047228
1.095432
1.020723
1.024870
1.095435
1.037368
1.054128
1.086786
1.012621
1.068454
1.087992
1.013902
1.098915
1.001065
1.088616
1.051936
1.008103
1.052977
1.046504
1.053605
1.076265
1.069451
1.060200
1.009858
1.037289
1.067637
1.096300
1.066827
1.046843
1.033669
1.023918
1.094070
1.029101
1.044641
1.018940
1.024536
1.082008
1.073068
1.011322
1.094630
1.041522
1.099314
1.008532
1.040437
1.000379
1.097147
1.092373
1.008482
1.050125
1.038877
1.062087
1.026389
1.008329
1.022288
1.036247
1.045618
1.089924
1.032548
1.012445
1.036767
1.066217
1.036362
1.030838
1.095318
1.081003
1.049778
1.019853
1.063011
1.022846
1.031175
1.057641
1.064368
1.030489
1.066173
1.004805
1.030868
1.063320
1.097179
1.039350
1.013445
1.036056
1.001438
1.039834
1.044385
1.023726
1.076082
1.090002
1.013650
1.008630
1.002447
1.050417
1.074846
1.038809
1.081255
1.070164
1.019812
1.031033
1.090017
1.082824
1.053879
1.021192
1.040464
1.018247
1.051681
1.006637
1.023052
1.082549
1.069957
1.020231
1.021900
1.083402
1.056287
1.023337
1.023237
1.000671
1.047063
1.099318
1.090673
1.060713
1.007948
1.093120
1.011130
1.082794
1.031929
1.092385
1.052958
1.051741
1.023417
1.042976
1.034565
1.077296
1.064168
1.075029
1.095542
1.015850
1.081666
1.018595
1.098399
1.051624
1.038825
1.020299
1.035026
1.095112
1.043636
1.058263
1.095783
1.090699
1.057581
1.086457
1.051412
1.065529
1.079577
1.062542
1.048323
1.011506
1.054926
1.001282
1.063248
1.078344
1.044258
1.097813
1.055639
1.008426
1.072842
1.051182
1.024276
1.054509
1.069776
1.022675
1.006132
1.008602
1.042974
1.041159
1.003713
1.086610
1.099421
1.099497
1.077309
1.057002
1.085953
1.028720
1.022531
1.065530
1.091262
1.070854
1.077036
1.046188
1.072136
1.040284
1.024532
1.016393
1.038097
1.080171
1.024819
1.010940
1.031353
1.049095
1.065448
1.001130
1.071770
1.071581
1.009731
1.014743
1.012739
1.013445
1.001353
1.012160
1.012941
1.078661
1.069162
1.098894
1.007382
1.091693
1.064425
1.098644
1.062547
1.041461
1.044832
1.034683
1.081746
1.069364
1.051077
1.019843
1.049535
1.075896
1.030782
1.080889
1.024991
1.096231
1.082018
1.096761
1.067811
1.091750
1.011504
1.080551
1.005194
1.012856
1.092711
1.018136
1.091518
1.061874
1.017030
1.098899
1.053567
1.081455
1.097543
1.016114
1.022916
1.042375
1.050798
1.004661
1.011739
1.001874
1.024504
1.061274
1.077770
1.055287
1.042163
1.002761
1.051517
1.024181
1.099521
1.019329
1.015931
1.011025
1.099880
1.021125
1.023881
1.092591
1.039261
1.015399
1.054465
1.056291
1.014298
1.008032
1.037746
1.011841
1.024146
1.060662
1.054216
1.074944
1.065323
1.065955
1.076818
1.089828
1.027229
1.054588
1.045114
1.069393
1.057349
1.096632
1.093574
1.056870
1.015961
1.009505
1.067895
1.015840
1.030631
1.091777
1.008431
1.069892
1.007176
1.062896
1.026183
1.021474
1.070928
1.063929
1.033315
1.095074
1.024591
1.087531
1.070018
1.089914
1.053486
1.046836
1.079742
1.080715
1.001424
1.024856
1.050108
1.058773
1.021488
1.043682
1.015643
1.037449
1.053187
1.083539
1.053289
1.083818
1.075316
1.061720
1.053710
1.082491
1.024616
1.079893
1.003965
1.095544
1.043822
1.037280
1.090618
1.068413
1.024811
1.060635
1.058327
1.078297
1.007471
1.038069
1.059012
1.008895
1.062925
1.009120
1.067668
1.084414
1.052802
1.083311
1.021862
1.005990
1.066850
1.075151
1.089807
1.042166
1.036871
1.043517
1.024657
1.061487
1.023409
1.028622
1.057031
1.067231
1.065902
1.047648
1.035644
1.090713
1.008284
1.093971
1.069009
1.015755
1.032040
1.028022
1.024650
1.094965
1.037142
1.092318
1.079379
1.089944
1.075629
1.001241
1.095934
1.042480
1.076392
1.085741
1.084645
1.013263
1.029258
1.009302
1.074750
1.052668
1.037924
1.031781
1.019899
1.003826
1.079429
1.055542
1.094538
1.087713
1.049513
1.063548
1.003468
1.081553
1.091570
1.028118
1.076518
1.028712
1.020436
1.055897
1.018656
1.096066
1.057138
1.014590
1.038545
1.033530
1.000332
1.023191
1.046793
1.029590
1.032493
1.021543
1.082258
1.070417
1.053323
1.002157
1.074243
1.032752
1.057699
1.068781
1.020465
1.007212
1.032329
1.023934
1.088765
1.023898
1.052052
1.065283
1.052610
1.072488
1.021180
1.071266
1.068554
1.078318
1.085857
1.007099
1.011848
1.086188
1.030290
1.058640
1.015778
1.062783
1.080183
1.098036
1.033199
1.033506
1.000193
1.007442
1.066259
1.057892
1.076223
1.086724
1.065104
1.008552
1.010657
1.053869
1.032450
1.062709
1.019153
1.085060
1.035197
1.040333
1.056327
1.003752
1.018651
1.042183
1.010851
1.030499
1.028371
1.041141
1.089139
1.044150
1.003923
1.069322
1.042185
1.037122
1.002829
1.042378
1.044564
1.069087
1.000270
1.020787
1.055811
1.065374
1.029339
1.066469
1.019243
1.061790
1.029178
1.038396
1.046850
1.064376
1.078729
1.003177
1.068127
1.097380
1.045360
1.078978
1.027879
1.073732
1.020118
1.017018
1.017881
1.024041
1.086341
1.060067
1.061164
1.089169
1.002445
1.005728
1.058257
1.002714
1.026516
1.014068
1.068087
1.055855
1.080536
1.087330
1.017645
1.009714
1.025726
1.064495
1.074090
1.004454
1.067672
1.042217
1.001834
1.013033
1.021194
1.029713
1.086764
1.041313
1.046731
1.004646
1.065354
1.033072
1.064712
1.026518
1.022241
1.067157
1.032246
1.080498
1.069871
1.058762
1.094565
1.037958
1.014618
1.075102
1.025288
1.032263
1.084816
1.051014
1.096758
1.058906
1.055468
1.064430
1.001122
1.057302
1.077463
1.022317
1.087015
1.064227
1.063629
1.033746
1.068873
1.028983
1.066817
1.033585
1.055501
1.089058
1.000741
1.087747
1.069556
1.070612
1.046510
1.064121
1.008570
1.061128
1.039223
1.033858
1.093390
1.024039
1.084872
1.090148
1.082944
1.040341
1.054579
1.084066
1.097643
1.032042
1.006383
1.084658
1.096269
1.070012
1.018404
1.065141
1.098995
1.085221
1.098726
1.054496
1.074280
1.099467
1.042244
1.043836
1.070079
1.088753
1.007957
1.078649
1.049881
1.047179
1.012508
1.043271
1.071218
1.097380
1.033420
1.054162
1.037721
1.087999
1.038229
1.035364
1.020040
1.044611
1.020022
1.016309
1.014624
1.038426
1.081450
1.013619
1.023647
1.080176
1.068115
1.097927
1.079643
1.010359
1.041762
1.049723
1.099112
1.049719
1.028372
1.048993
1.096899
1.040880
1.092265
1.068117
1.038260
1.025685
1.022279
1.075981
1.013683
1.060507
1.011345
1.033723
1.005119
1.031367
1.050032
1.019742
1.069793
1.031482
1.033361
1.093441
1.011658
1.001476
1.091368
1.091302
1.011835
1.033130
1.041024
1.010948
1.082850
1.069396
1.059941
1.079748
1.010276
1.052206
1.047865
1.048536
1.077891
1.070143
1.024517
1.091574
1.030650
1.035863
1.025298
1.035769
1.067230
1.075330
1.055511
1.037023
1.006812
1.088873
1.030464
1.018470
1.090349
1.021832
1.009771
1.002184
1.054962
1.050796
1.013132
1.037812
1.020192
1.073074
1.017560
1.030468
1.025280
1.065424
1.079005
1.003171
1.035568
1.003522
1.094745
1.066218
1.039385
1.020043
1.001987
1.006615
1.095372
1.057499
1.043638
1.002184
1.046371
1.074102
1.020654
1.036721
1.095934
1.030426
1.038905
1.050896
1.081221
1.052037
1.088708
1.001414
1.025111
1.006267
1.031882
1.050390
1.071692
1.010887
1.053561
1.007259
1.014409
1.048306
1.073477
1.053794
1.068348
1.075465
1.060408
1.063720
1.032963
1.004046
1.065905
1.079335
1.078148
1.086559
1.016055
1.074082
1.016984
1.054960
1.024978
1.098206
1.006997
1.013686
1.099619
1.032108
1.019953
1.031501
1.082498
1.091645
1.042388
1.036059
1.098904
1.056797
1.084364
1.072382
1.010591
1.052713
1.047846
1.070999
1.016433
1.080809
1.075045
1.082338
1.060144
1.053194
1.068896
1.076199
1.027276
1.085881
1.031159
1.052254
1.084086
1.038156
1.065939
1.083705
1.070264
1.085893
1.015207
1.052762
1.077538
1.057595
1.088821
1.076442
1.014392
1.073185
1.048823
1.024983
1.025898
1.096669
1.095982
1.042331
1.077479
1.071028
1.024668
1.037623
1.024221
1.093565
1.013822
1.051497
1.079445
1.044981
1.003750
1.063531
1.083138
1.069690
1.047237
1.053402
1.055582
1.062444
1.006164
1.033120
1.020038
1.094985
1.009562
1.034430
1.068169
1.058385
1.059413
1.094067
1.055054
1.055395
1.036398
1.032533
1.026423
1.061066
1.070156
1.050644
1.054630
1.083978
1.002141
1.034075
1.028960
1.005892
1.097607
1.012097
1.075582
1.044844
1.065499
1.031164
1.007287
1.071663
1.064284
1.027326
1.066648
1.073845
1.061756
1.034817
1.032230
1.021169
1.028884
1.087284
1.076565
1.065282
1.019817
1.002988
1.026348
1.089974
1.053632
1.080978
1.073952
1.055773
1.015053
1.002911
1.061665
1.012660
1.015009
1.037246
1.057504
1.080508
1.068410
1.064791
1.052172
1.032694
1.092117
1.018819
1.006539
1.053873
1.053637
1.038769
1.075042
1.082521
1.026054
1.051607
1.047803
1.045871
1.054594
1.074151
1.035845
1.008227
1.055129
1.009797
1.064000
1.070182
1.012708
1.025665
1.082842
1.027717
1.062911
1.040346
1.008225
1.031322
1.005138
1.060397
1.064016
1.097255
1.079216
1.070555
1.051127
1.032853
1.009325
1.026170
1.015374
1.035379
1.077776
1.063177
1.081250
1.032371
1.037328
1.017095
1.040597
1.092457
1.026892
1.004597
1.062639
1.039600
1.030262
1.045481
1.067317
1.093173
1.085828
1.075542
1.024495
1.090965
1.035939
1.088511
1.088220
1.015156
1.059066
1.039347
1.048009
1.068390
1.065517
1.063383
1.003769
1.043293
1.026561
1.085019
1.075664
1.063889
1.002114
1.016261
1.056346
1.029006
1.020859
1.018985
1.068606
1.051120
1.064466
1.035923
1.044294
1.050293
1.011465
1.068788
1.041259
1.047404
1.057299
1.029478
1.062560
1.016364
1.068825
1.010569
1.084755
1.034342
1.073952
1.088523
1.077635
1.000513
1.073542
1.053299
1.064402
1.075656
1.069561
1.020748
1.004662
1.090419
1.039732
1.073268
1.041540
1.004198
1.009190
1.085833
1.054492
1.020655
1.054621
1.095750
1.068060
1.011920
1.025229
1.030620
1.028285
1.094054
1.041189
1.013039
1.028396
1.015142
1.001562
1.006031
1.015655
1.075105
1.059331
1.080057
1.050761
1.028892
1.000804
1.055423
1.019311
1.040537
1.028690
1.060851
1.044735
1.037881
1.046684
1.099226
1.058536
1.001305
1.094977
1.026595
1.013225
1.020205
1.057215
1.041510
1.014259
1.098405
1.054549
1.042655
1.013546
1.056112
1.048686
1.029201
1.031216
1.008017
1.009258
1.081977
1.036909
1.010062
1.037400
1.056220
1.050599
1.066090
1.017070
1.095333
1.003971
1.063754
1.094560
1.062506
1.065059
1.089536
1.089102
1.078284
1.009741
1.046317
1.019794
1.024000
1.044722
1.074344
1.066655
1.058268
1.030455
1.015341
1.087469
1.061671
1.023359
1.096726
1.043648
1.060267
1.006788
1.081048
1.016487
1.057386
1.047138
1.033557
1.052720
1.051109
1.097311
1.047279
1.013615
1.062370
1.036815
1.002717
1.040654
1.046557
1.049034
1.060449
1.070557
1.093756
1.034792
1.037212
1.052024
1.065247
1.052553
1.039492
1.026919
1.075912
1.036219
1.070567
1.036179
1.043007
1.051615
1.052666
1.000393
1.098753
1.086223
1.053113
1.049862
1.083534
1.000392
1.063477
1.045904
1.037207
1.066194
1.086558
1.083764
1.015228
1.047007
1.054321
1.008984
1.081799
1.091533
1.061008
1.047046
1.044086
1.000500
1.073965
1.019998
1.036719
1.044531
1.056177
1.079726
1.096146
1.008843
1.080119
1.094900
1.095066
1.033232
1.044761
1.078600
1.033624
1.008238
1.024504
1.070831
1.074432
1.011062
1.054595
1.089660
1.058069
1.008916
1.098644
1.039868
1.000449
1.059652
1.086914
1.044534
1.060152
1.060878
1.064532
1.096871
1.005410
1.020709
1.076597
1.001556
1.029552
1.056716
1.096456
1.024619
1.089947
1.041217
1.003219
1.023571
1.049455
1.027723
1.094402
1.023887
1.038785
1.048997
1.013547
1.096853
1.057913
1.012190
1.036721
1.058362
1.071842
1.023635
1.002896
1.031994
1.084513
1.067428
1.028865
1.089922
1.088137
1.005462
1.091479
1.017690
1.062178
1.087934
1.042308
1.052126
1.029152
1.045527
1.075697
1.078607
1.073250
1.070099
1.002494
1.012034
1.019096
1.016040
1.008888
1.077009
1.028231
1.045609
1.035371
1.000073
1.069243
1.038267
1.032067
1.053756
1.005695
1.060933
1.043678
1.093832
1.066395
1.035157
1.011522
1.028573
1.023091
1.053830
1.080699
1.052243
1.099356
1.056396
1.030850
1.072606
1.026495
