1.089426
1.036956
1.030425
1.066411
1.045871
1.058583
1.095745
1.020692
1.044825
1.012091
1.072185
1.015203
1.051676
1.086140
1.036878
1.054672
1.039552
1.052663
1.016827
1.099632
1.072428
1.056186
1.027242
1.037263
1.046906
1.001064
1.092868
1.042135
1.043284
1.028348
1.010748
1.032710
1.065305
1.041173
1.099121
1.011176
1.099756
1.094866
1.031868
1.044582
1.006957
1.004053
1.059785
1.058633
1.090194
1.096662
1.013305
1.029746
1.049325
1.030131
1.029378
1.021753
1.086317
1.056619
1.059016
1.033223
1.057683
1.051884
1.075359
1.000967
1.080233
1.086107
1.033677
1.045538
1.027281
1.032799
1.056714
1.027037
1.027665
1.088582
1.071619
1.034622
1.092635
1.031403
1.093255
1.082828
1.028065
1.006560
1.012574
1.077391
1.036691
1.041952
1.099144
1.023009
1.098571
1.058160
1.056232
1.056254
1.010044
1.031591
1.057221
1.090277
1.017698
1.090899
1.035815
1.044978
1.023697
1.092529
1.072015
1.051363
1.081110
1.043634
1.085985
1.073745
1.075037
1.079240
1.056574
1.003102
1.085800
1.069148
1.080493
1.022491
1.011100
1.079637
1.045500
1.009671
1.037797
1.001732
1.065925
1.047841
1.033323
1.023146
1.038118
1.051021
1.014044
1.073933
1.095999
1.037742
1.066462
1.068015
1.089104
1.047572
1.011649
1.075089
1.021317
1.086686
1.054329
1.077890
1.089788
1.040129
1.047038
1.070281
1.062621
1.058138
1.049918
1.008121
1.067809
1.087714
1.009853
1.033734
1.035555
1.043176
1.056880
1.073673
1.094197
1.070925
1.047606
1.090196
1.008666
1.014068
1.058211
1.097770
1.061640
1.069859
1.072860
1.082956
1.056545
1.027189
1.060847
1.046333
1.067318
1.007885
1.016613
1.029938
1.066023
1.066531
1.038059
1.033832
1.054245
1.047912
1.067566
1.089801
1.091088
1.024446
1.063474
1.085284
1.095371
1.011080
1.075480
1.004037
1.025148
1.033691
1.001807
1.086788
1.003550
1.074667
1.069744
1.060095
1.001856
1.030591
1.006428
1.069173
1.038476
1.023041
1.099112
1.004499
1.089572
1.037171
1.038332
1.043818
1.085082
1.005898
1.033618
1.076170
1.030344
1.097093
1.061454
1.025715
1.008173
1.036935
1.029752
1.033321
1.070626
1.031559
1.020109
1.074176
1.006226
1.089853
1.034272
1.008082
1.020444
1.040699
1.077255
1.058920
1.063741
1.076367
1.063419
1.053313
1.013538
1.001751
1.097131
1.098620
1.007649
1.030749
1.074790
1.037993
1.027842
1.036244
1.063708
1.036015
1.073179
1.093460
1.069336
1.043805
1.025019
1.089445
1.017982
1.031245
1.079298
1.052253
1.039327
1.099742
1.092953
1.016583
1.058662
1.056694
1.092950
1.022081
1.010007
1.006487
1.023832
1.007138
1.005108
1.031481
1.037887
1.079898
1.069474
1.065729
1.016142
1.033181
1.001744
1.089321
1.026641
1.071080
1.033127
1.051660
1.060524
1.051108
1.082905
1.039822
1.003361
1.022233
1.039564
1.096314
1.038815
1.098227
1.053008
1.031765
1.020308
1.063014
1.038252
1.044140
1.070152
1.043360
1.075621
1.008039
1.023257
1.045095
1.073768
1.039400
1.078276
1.075512
1.028721
1.004916
1.046592
1.061847
1.056576
1.007116
1.012956
1.039481
1.046939
1.016317
1.061714
1.086503
1.012631
1.000529
1.084730
1.065639
1.032294
1.005038
1.028653
1.070547
1.049178
1.098805
1.013906
1.024799
1.006845
1.037164
1.069894
1.080613
1.076563
1.048169
1.056126
1.005284
1.053086
1.002717
1.067132
1.009662
1.009834
1.080087
1.049143
1.056772
1.096404
1.010857
1.043275
1.009035
1.011386
1.028005
1.074674
1.043680
1.033043
1.003327
1.014227
1.082221
1.002133
1.028133
1.007020
1.008978
1.065297
1.076913
1.089591
1.041860
1.025082
1.045716
1.047145
1.078168
1.048434
1.014276
1.087830
1.058268
1.094363
1.036973
1.015040
1.090768
1.047831
1.058316
1.099803
1.059217
1.086321
1.074477
1.002897
1.019363
1.077804
1.017124
1.001584
1.079937
1.045257
1.008603
1.088914
1.010554
1.085516
1.078505
1.052414
1.010599
1.024221
1.099559
1.088767
1.072655
1.013835
1.076597
1.030923
1.008199
1.013570
1.045963
1.098966
1.061401
1.004278
1.098769
1.020618
1.090599
1.073246
1.023515
1.009962
1.051050
1.040639
1.011546
1.030987
1.085896
1.020149
1.019901
1.096450
1.005665
1.098406
1.048864
1.016264
1.022628
1.048423
1.005031
1.095283
1.062259
1.081627
1.026206
1.070457
1.095197
1.072169
1.069424
1.056598
1.076447
1.068193
1.077216
1.067046
1.041439
1.000731
1.077008
1.092489
1.041369
1.088554
1.023475
1.027265
1.008703
1.043376
1.023714
1.014368
1.041783
1.072578
1.030632
1.064410
1.021002
1.035663
1.059693
1.083260
1.017290
1.085899
1.053718
1.012487
1.058068
1.023142
1.069085
1.034515
1.091334
1.046301
1.001561
1.032773
1.047031
1.078570
1.025262
1.088400
1.067124
1.048737
1.015665
1.075827
1.092113
1.039380
1.090195
1.033896
1.011958
1.020827
1.098306
1.032960
1.056490
1.057999
1.016220
1.073779
1.043899
1.069938
1.086266
1.001966
1.093079
1.055351
1.036481
1.084414
1.001652
1.038043
1.017187
1.048684
1.016612
1.042448
1.037084
1.083736
1.091185
1.052749
1.059563
1.083298
1.092129
1.049758
1.017194
1.004087
1.070585
1.015501
1.037047
1.027074
1.073500
1.053267
1.000854
1.017399
1.023205
1.087120
1.019365
1.016284
1.042471
1.055847
1.000698
1.044124
1.093889
1.017885
1.092807
1.010502
1.060333
1.029891
1.094238
1.051518
1.082641
1.053800
1.034817
1.074769
1.003558
1.052011
1.078856
1.074143
1.067512
1.015903
1.001217
1.041012
1.069170
1.002070
1.058410
1.092375
1.089190
1.077775
1.008659
1.031662
1.033622
1.009357
1.075785
1.027511
1.027242
1.068593
1.038013
1.087575
1.098484
1.032251
1.039094
1.081124
1.086051
1.073910
1.055894
1.089609
1.025921
1.034750
1.063752
1.093433
1.050654
1.064969
1.034445
1.019824
1.067039
1.092855
1.012199
1.056230
1.070630
1.020858
1.087891
1.004252
1.030215
1.063677
1.031764
1.057457
1.032269
1.069777
1.045033
1.030753
1.002028
1.084126
1.011878
1.088079
1.058037
1.067772
1.077689
1.083958
1.002522
1.041441
1.077391
1.053175
1.006410
1.011836
1.072999
1.073449
1.004690
1.085198
1.029679
1.075321
1.006055
1.017570
1.079573
1.036270
1.081247
1.011337
1.093728
1.013516
1.081114
1.038761
1.044269
1.083141
1.022887
1.056147
1.071221
1.080924
1.023919
1.048909
1.064882
1.026440
1.090350
1.042273
1.079616
1.096759
1.054108
1.052615
1.070208
1.058799
1.037813
1.099887
1.034119
1.043868
1.017457
1.013692
1.080138
1.098704
1.025029
1.073866
1.012221
1.006143
1.012627
1.056490
1.089284
1.035514
1.012637
1.060505
1.016438
1.036555
1.009414
1.081319
1.062996
1.099764
1.023592
1.042612
1.096523
1.077700
1.095227
1.066732
1.036498
1.033039
1.066619
1.070618
1.076907
1.084076
1.084310
1.057046
1.082781
1.009339
1.030912
1.095001
1.015481
1.043539
1.051491
1.004766
1.079053
1.064128
1.065270
1.095490
1.000683
1.074685
1.076810
1.063679
1.074448
1.000401
1.006291
1.070972
1.078101
1.001517
1.037703
1.014600
1.034557
1.004322
1.085217
1.011464
1.088398
1.069527
1.068509
1.071179
1.078866
1.099421
1.066180
1.094347
1.042960
1.017671
1.099113
1.022013
1.081799
1.064383
1.017503
1.082482
1.039068
1.094313
1.046161
1.013516
1.094714
1.052452
1.084488
1.072816
1.053969
1.022191
1.087415
1.088526
1.026513
1.072632
1.099989
1.014911
1.042159
1.068499
1.086090
1.021025
1.067920
1.052270
1.015373
1.010880
1.069941
1.014485
1.032893
1.051740
1.078869
1.050396
1.034222
1.017937
1.044709
1.080382
1.031453
1.039424
1.032834
1.015941
1.012239
1.086803
1.038131
1.099654
1.075329
1.064644
1.072286
1.075318
1.079556
1.014446
1.043817
1.065646
1.035471
1.011737
1.017916
1.050843
1.022617
1.087857
1.065329
1.055510
1.039596
1.044198
1.005906
1.073818
1.062134
1.050616
1.054200
1.093587
1.090039
1.087034
1.009528
1.002279
1.073837
1.047659
1.001933
1.049166
1.012304
1.074219
1.024484
1.091860
1.088665
1.068301
1.057505
1.024136
1.080037
1.075421
1.074979
1.002654
1.063278
1.040308
1.058164
1.002874
1.084505
1.064071
1.076691
1.046640
1.014687
1.030891
1.040227
1.004726
1.017926
1.049755
1.007005
1.091763
1.097414
1.008937
1.040929
1.009718
1.083157
1.065413
1.001577
1.071822
1.033713
1.059083
1.095958
1.013751
1.034504
1.070937
1.016405
1.097781
1.011245
1.074570
1.000655
1.095750
1.038641
1.077346
1.042390
1.053327
1.008238
1.082617
1.058053
1.026164
1.032372
1.065058
1.017927
1.029786
1.073996
1.058855
1.039504
1.057153
1.024268
1.041081
1.028974
1.057982
1.000164
1.024932
1.071732
1.034667
1.095869
1.088138
1.032449
1.007114
1.062707
1.033104
1.002864
1.001348
1.010450
1.045254
1.054675
1.018688
1.027871
1.012729
1.044852
1.060243
1.077787
1.062778
1.090028
1.051783
1.021634
1.029532
1.008935
1.045902
1.070613
1.037909
1.003884
1.070776
1.062841
1.075616
1.005444
1.058710
1.063754
1.037893
1.065824
1.026461
1.070996
1.068688
1.027809
1.081447
1.013942
1.082484
1.000135
1.041812
1.095213
1.044987
1.002055
1.073000
1.007766
1.092083
1.024782
1.029400
1.021615
1.033718
1.075302
1.092228
1.071627
1.079185
1.063005
1.034468
1.054802
1.068448
1.093179
1.018555
1.006341
1.059002
1.045016
1.077338
1.027690
1.072825
1.058784
1.041632
1.055310
1.058919
1.083444
1.050523
1.003906
1.085499
1.023522
1.011672
1.077582
1.048305
1.041071
1.099198
1.082023
1.016373
1.091426
1.053649
1.095559
1.054430
1.088118
1.050360
1.022879
1.081296
1.068915
1.029220
1.040299
1.013932
1.006557
1.067989
1.086757
1.065342
1.009621
1.042067
1.024261
1.093065
1.092590
1.028167
1.078564
1.016112
1.039839
1.056146
1.064417
1.080911
1.055344
1.046440
1.097284
1.046770
1.000089
1.092843
1.001200
1.088207
1.043203
1.024079
1.069503
1.012118
1.053299
1.009802
1.026050
1.059857
1.077791
1.012807
1.025198
1.087412
1.054874
1.049459
1.080477
1.047464
1.077627
1.059040
1.063576
1.017466
1.015187
1.027993
1.098377
1.070530
1.074432
1.095661
1.017300
1.074522
1.088503
1.018500
1.062728
1.031706
1.042580
1.032232
1.043824
1.095879
1.042034
1.069874
1.055735
1.019825
1.082681
1.080934
1.007237
1.037555
1.030393
1.087713
1.085018
1.008020
1.046754
1.048594
1.025486
1.061940
1.076587
1.023863
1.032471
1.051019
1.019524
1.049771
1.025540
1.008027
1.068271
1.088269
1.039733
1.010851
1.020501
1.083557
1.006729
1.062535
1.053431
1.062465
1.082360
1.036112
1.043398
1.089596
1.073667
1.073791
1.077310
1.058685
1.081811
1.024063
1.007279
1.007297
1.086004
1.083866
1.031160
1.018474
1.034884
1.050683
1.068245
1.060425
1.058710
1.036516
1.048694
1.098444
1.047366
1.069195
1.082001
1.054096
1.031729
1.035432
1.016560
1.014089
1.071544
1.059959
1.003685
1.045211
1.033750
1.080995
1.003896
1.015561
1.005058
1.011175
1.022857
1.091062
1.095041
1.054017
1.009536
1.029925
1.004700
1.077781
1.090350
1.063411
1.014297
1.039044
1.061854
1.061663
1.008239
1.043855
1.015759
1.039968
1.079288
1.032320
1.054057
1.050832
1.092278
1.057742
1.096043
1.026028
1.038737
1.099939
1.041589
1.043795
1.011114
1.064446
1.034857
1.006155
1.018463
1.044393
1.036080
1.023163
1.022174
1.026430
1.086573
1.036471
1.065474
1.048428
1.098135
1.073713
1.092283
1.013894
1.013681
1.071571
1.046213
1.067737
1.022403
1.038492
1.025479
1.018446
1.064520
1.064216
1.018385
1.006109
1.008011
1.029500
1.070555
1.042868
1.035655
1.089018
1.087262
1.071735
1.012181
1.009436
1.098166
1.098755
1.045907
1.063640
1.047182
1.044042
1.037353
1.039465
1.057935
1.051034
1.011036
1.004149
1.018771
1.033439
1.042641
1.044250
1.051885
1.007161
1.008466
1.070270
1.013269
1.016477
1.099770
1.083824
1.059345
1.035425
1.072842
1.046606
1.007160
1.085023
1.056042
1.005326
1.083778
1.001949
1.068966
1.030960
1.045991
1.006319
1.070425
1.003927
1.057353
1.081461
1.008075
1.076124
1.014900
1.050716
1.020374
1.066785
1.057877
1.028840
1.037055
1.071146
1.045317
1.036825
1.054971
1.004662
1.072250
1.027813
1.051268
1.079411
1.012836
1.007310
1.084737
1.096614
1.009260
1.053703
1.027574
1.055251
1.060022
1.097999
1.059177
1.017375
1.079461
1.067253
1.093499
1.094361
1.017969
1.013873
1.061146
1.075846
1.042713
1.098201
1.046992
1.088029
1.035027
1.001963
1.092691
1.007277
1.029775
1.043959
1.086688
1.042612
1.051269
1.071425
1.039226
1.060529
1.025128
1.066800
1.015780
1.085149
1.064799
1.074957
1.002524
1.044260
1.042210
1.096023
1.038620
1.060179
1.009896
1.099766
1.036025
1.052608
1.097968
1.083017
1.040638
1.032994
1.084980
1.033329
1.040272
1.014755
1.077288
1.026960
1.057367
1.028557
1.098384
1.096592
1.089086
1.023512
1.063392
1.004866
1.008661
1.028191
1.079824
1.011186
1.072451
1.022034
1.007208
1.011071
1.082214
1.017104
1.010838
1.018239
1.069712
1.008805
1.001256
1.010350
1.041800
1.086236
1.043678
1.082071
1.000991
1.020966
1.009031
1.058358
1.049523
1.007415
1.054950
1.038609
1.030927
1.018342
1.043476
1.039589
1.046533
1.023299
1.050774
1.018984
1.045334
1.057983
1.030055
1.027547
1.075087
1.040893
1.045786
1.044799
1.049698
1.047042
1.055149
1.091498
1.033278
1.098827
1.073569
1.034269
1.019793
1.082600
1.092627
1.069316
1.090015
1.047577
1.007925
1.020942
1.065920
1.051401
1.060531
1.012453
1.074700
1.011305
1.031438
1.020034
1.069288
1.061493
1.047581
1.044374
1.002385
1.093367
1.089173
1.052083
1.040410
1.044322
1.043581
1.073688
1.043149
1.017150
1.007957
1.062942
1.099750
1.000584
1.032258
1.089765
1.048161
1.040183
1.010708
1.014081
1.091584
1.071239
1.026535
1.066284
1.082544
1.057972
1.086318
1.051832
1.019465
1.033899
1.096206
1.021850
1.027267
1.085380
1.073934
1.067676
1.029701
1.017515
1.041364
1.072850
1.034665
1.049321
1.035792
1.034416
1.049905
1.068050
1.024181
1.098066
1.008233
1.034889
1.012147
1.099817
1.006128
1.038682
1.066102
1.088672
1.096654
1.052420
1.040504
1.016119
1.086319
1.036710
1.037969
1.013586
1.022090
1.011903
1.081262
1.051791
1.029418
1.022626
1.024641
1.064083
1.071947
1.060433
1.098499
1.021851
1.028483
1.022680
1.019917
1.036717
1.057569
1.032065
1.036534
1.063696
1.070747
1.002636
1.052368
1.067400
1.055056
1.092872
1.083519
1.041375
1.029582
1.021488
1.054961
1.051671
1.033390
1.036223
1.003462
1.062808
1.058849
1.028103
1.026891
1.030795
1.088537
1.025390
1.052646
1.017020
1.048069
1.072564
1.053737
1.005638
1.004629
1.090271
1.069334
1.075375
1.092906
1.021702
1.042776
1.047962
1.014573
1.026295
1.089337
1.044155
1.047783
1.044298
1.095826
1.081173
1.080520
1.099288
1.043981
1.039369
1.027391
1.070872
1.070164
1.015928
1.096262
1.022810
1.032948
1.044331
1.095374
1.086684
1.049969
1.000003
1.076955
1.019303
1.075378
1.069861
1.041005
1.018154
1.017823
1.055578
1.044449
1.007160
1.099733
1.092231
1.051457
1.095559
1.073405
1.031978
1.094847
1.017386
1.071346
1.022238
1.088258
1.041510
1.038166
1.084520
1.064320
1.071114
1.028851
1.059694
1.057798
1.078820
1.059697
1.034753
1.098122
1.035075
1.004614
1.039127
1.053228
1.022437
1.094705
1.097677
1.029597
1.094439
1.089908
1.081054
1.089998
1.063313
1.013032
1.084845
1.080698
1.084378
1.007083
1.068956
1.025888
1.045250
1.053476
1.090208
1.016364
1.082326
1.049902
1.074162
1.061146
1.009599
1.008915
1.059269
1.044674
1.013528
1.098396
1.097902
1.035966
1.093101
1.095579
1.065562
1.087540
1.085487
1.046617
1.077538
1.048800
1.059649
1.062383
1.029498
1.044027
1.069466
1.098454
1.069915
1.014716
1.051930
1.060123
1.031079
1.034256
1.010026
1.005241
1.095402
1.019625
1.014155
1.054671
1.064299
1.027684
1.053066
1.062201
1.063649
1.046168
1.057779
1.029212
1.033708
1.043266
1.075828
1.011246
1.092066
1.035477
1.073628
1.021563
1.079504
1.043094
1.020017
1.049419
1.057810
1.071947
1.009542
1.088889
1.006203
1.019568
1.094130
1.001605
1.039193
1.008285
1.056275
1.003491
1.035969
1.009342
1.065692
1.099619
1.055510
1.023471
1.028830
1.089218
1.066737
1.004659
1.000463
1.058803
1.040136
1.074092
1.080366
1.019639
1.017186
1.000383
1.069058
1.074996
1.072330
1.078600
1.063885
1.078533
1.098168
1.058015
1.080138
1.037360
1.066301
1.036413
1.040851
1.002270
1.045755
1.006543
1.001889
1.001265
1.030014
1.030719
1.090483
1.096751
1.035378
1.090946
1.055554
1.075514
1.065038
1.035920
1.095153
1.082224
1.036303
1.064211
1.057221
1.008633
1.042812
1.021106
1.087166
1.040979
1.079121
1.067304
1.078340
1.045422
1.003717
1.019191
1.047692
1.049472
1.025734
1.049581
1.050737
1.055749
1.080300
1.041220
1.052500
1.015678
1.032167
1.008054
1.091192
1.097205
1.043974
1.086346
1.079429
1.080277
1.050557
1.036650
1.088910
1.093369
1.057756
1.076076
1.034348
1.036877
1.043380
1.012688
1.082300
1.047097
1.031879
1.029992
1.096569
1.057613
1.079573
1.047307
1.013362
1.059874
1.088527
1.065862
1.075552
1.020694
1.073915
1.066745
1.017899
1.017889
1.053090
1.097328
1.098166
1.003647
1.033978
1.087076
1.097016
1.091734
1.063152
1.031364
1.028611
1.006532
1.044052
1.010911
1.053629
1.075931
1.040903
1.050199
1.033544
1.020477
1.097505
1.046906
1.080350
1.086032
1.012768
1.055903
1.006726
1.086683
1.022647
1.024624
1.004572
1.075737
1.021952
1.002738
1.079385
1.055930
1.089814
1.076400
1.047664
1.052967
1.007764
1.076275
1.059499
1.051816
1.087186
1.013128
1.027747
1.028089
1.063327
1.061291
1.048566
1.060832
1.008197
1.028916
1.046864
1.020965
1.084819
1.053590
1.007648
1.007466
1.078214
1.012221
1.083204
1.000166
1.014959
1.062588
1.056096
1.004773
1.038988
1.003760
1.057740
1.046753
1.080034
1.017239
1.098569
1.067220
1.030367
1.026315
1.095309
1.093694
1.087606
1.043875
1.054526
1.095803
1.072791
1.001390
1.016768
1.057610
1.054979
1.024417
1.065076
1.033193
1.036637
1.048280
1.033359
1.051596
1.010868
1.089455
1.056370
1.049856
1.093215
1.014109
1.096609
1.073249
1.031348
1.095178
1.040470
1.061715
1.021493
1.035779
1.055409
1.009099
1.079654
1.009935
1.004903
1.052445
1.011325
1.021671
1.010055
1.066304
1.046088
1.075131
1.099497
1.082725
1.023411
1.032857
1.034322
1.034278
1.022311
1.090691
1.084134
1.015526
1.004801
1.080743
1.088775
1.036149
1.075921
1.029245
1.097864
1.097414
1.065024
1.053273
1.006514
1.044677
1.063208
1.011416
1.097123
1.074533
1.033087
1.007178
1.040837
1.079175
1.082309
1.040335
1.061900
1.005720
1.073191
1.096222
1.039998
1.095503
1.086913
1.024132
1.011029
1.091714
1.004876
1.099804
1.027863
1.080797
1.029049
1.025727
1.078211
1.094072
1.079000
1.084725
1.038750
1.042209
1.096141
1.035872
1.016742
1.029229
1.043050
1.057579
1.008404
1.025359
1.097914
1.070304
1.031078
1.071105
1.066527
1.071076
1.066608
1.053440
1.095209
1.077636
1.045154
1.000084
1.077441
1.073017
1.080881
1.006489
1.098744
1.059092
1.000561
1.077744
1.043817
1.039311
1.019953
1.039958
1.075183
1.036695
1.069187
1.018233
1.094274
1.077591
1.043592
1.092187
1.047895
1.074670
1.063292
1.014422
1.045746
1.029900
1.067862
1.040955
1.007536
1.013016
1.041039
1.084977
1.086033
1.021920
1.091466
1.084777
1.081012
1.092027
1.062522
1.024830
1.031338
1.082475
1.064788
1.006521
1.019169
1.033974
1.024754
1.013443
1.011565
1.068346
1.005630
1.059460
1.043016
1.068922
1.073882
1.088762
1.098822
1.041743
1.029716
1.006358
1.054759
1.070755
1.091335
1.040792
1.092676
1.082801
1.025569
1.073688
1.074827
1.088091
1.098518
1.006165
1.070565
1.063305
1.012686
1.089735
1.097280
1.037440
1.003177
1.008844
1.005786
1.008807
1.068304
1.048801
1.077729
1.042186
1.037563
1.076551
1.083929
1.067279
1.082909
1.038688
1.038035
1.074243
1.079480
1.030711
1.057044
1.005049
1.004399
1.031871
1.093140
1.002917
1.038037
1.063705
1.066222
1.050723
1.053439
1.063501
1.088163
1.056617
1.072346
1.093949
1.065424
1.040650
1.042750
1.043153
1.082836
1.080313
1.019704
1.066766
1.047592
1.002613
1.005454
1.085627
1.076856
1.084934
1.016338
1.033900
1.089983
1.020736
1.065772
1.083122
1.023653
1.003808
1.046827
1.089875
1.054531
1.000267
1.053376
1.042694
1.056883
1.025722
1.036643
1.022307
1.066373
1.079393
1.065461
1.049209
1.059706
1.085165
1.015975
1.007298
1.087778
1.021429
1.092925
1.064634
1.006363
1.009263
1.098535
1.096345
1.029999
1.064306
1.079468
1.053652
1.068115
1.026295
1.043527
1.022646
1.026562
1.096903
1.065341
1.083445
1.022626
1.001984
1.005752
1.088999
1.081377
1.071213
1.038208
1.041083
1.056378
1.054183
1.048381
1.044155
1.075611
1.041306
1.008790
1.081974
1.050568
1.007324
1.078319
1.080567
1.071631
1.057787
1.034219
1.039745
1.084082
1.077746
1.062392
1.010644
1.074650
1.027733
1.094089
1.097275
1.029716
1.099842
1.086274
1.011093
1.071055
1.024482
1.052176
1.027432
1.078664
1.000557
1.071588
1.054275
1.041862
1.080378
1.036249
1.092430
1.087702
1.014568
1.072997
1.059332
1.072355
1.007216
1.099078
1.056437
1.084963
1.061470
1.067081
1.059612
1.089202
1.061171
1.056887
1.018919
1.061012
1.043161
1.030012
1.032067
1.067643
1.082188
1.059499
1.046307
1.082745
1.031087
1.000582
1.024607
1.011464
1.036831
1.017037
1.099166
1.051399
1.090034
1.058499
1.023755
1.097251
1.057577
1.080192
1.082213
1.019047
1.047273
1.041825
1.008249
1.008444
1.098713
1.027168
1.069456
1.041874
1.057180
1.001523
1.009517
1.039368
1.061022
1.055824
1.022113
1.092109
1.056406
1.046719
1.003573
1.093238
1.063756
1.002740
1.044637
1.053790
1.061238
1.068392
1.051041
1.018815
1.048584
1.033254
1.037862
1.095857
1.075079
1.046111
1.004301
1.073792
1.073278
1.073757
1.015666
1.030458
1.075280
1.025183
1.069826
1.036302
1.081007
1.091938
1.028411
1.037413
1.038658
1.031984
1.030650
1.002414
1.034724
1.075287
1.056204
1.095962
1.043679
1.007245
1.014777
1.092262
1.040499
1.052639
1.088119
1.015579
1.098749
1.092420
1.089370
1.072028
1.066177
1.005036
1.002486
1.041457
1.030219
1.072312
1.077758
1.011225
1.064250
1.006169
1.048638
1.002908
1.038153
1.079289
1.005322
1.072877
1.054576
1.061526
1.068838
1.098255
1.068772
1.083616
1.090517
1.009271
1.036254
1.078636
1.024849
1.035004
1.071056
1.014220
1.007031
1.037233
1.019256
1.009517
1.078690
1.049475
1.081828
1.056448
1.060700
1.046078
1.062617
1.009339
1.048986
1.000770
1.088627
1.054308
1.073647
1.043203
1.015834
1.042486
1.041458
1.084606
1.026101
1.031975
1.093877
1.062355
1.010611
1.018726
1.097359
1.081667
1.032946
1.004390
1.018901
1.052202
1.013907
1.097590
1.001677
1.095735
1.054039
1.062377
1.041813
1.016656
1.071716
1.090799
1.017427
1.060343
1.045107
1.091074
1.003547
1.060942
1.033559
1.045004
1.045548
1.059661
1.076979
1.039425
1.022016
1.087591
1.058151
1.019375
1.069258
1.091097
1.023765
1.088159
1.043299
1.037671
1.085749
1.044976
1.033406
1.039788
1.007353
1.075219
1.056444
1.079069
1.066019
1.073871
1.039413
1.011126
1.064945
1.042959
1.072068
1.098505
1.087964
1.017615
1.058165
1.064943
1.057040
1.080181
1.052534
1.015191
1.099556
1.021792
1.006288
1.023321
1.009950
1.049586
1.060992
1.095699
1.094562
1.094399
1.035487
1.001915
1.069618
1.091932
1.080984
1.035637
1.065803
1.020397
1.046762
1.030748
1.063356
1.018830
1.029253
1.051320
1.036445
1.087418
1.016263
1.093485
1.067599
1.068797
1.008676
1.067155
1.090588
1.014964
1.090476
1.000538
1.064550
1.051469
1.096238
1.059112
1.045867
1.031725
1.061028
1.015486
1.023657
1.042012
1.051122
1.089460
1.062409
1.097885
1.020208
1.025765
1.016715
1.049461
1.077085
1.053160
1.036879
1.093348
1.046646
1.004478
1.062144
1.055322
1.071633
1.052732
1.070286
1.062109
1.053271
1.034836
1.013578
1.049509
1.093949
1.059445
1.081234
1.054976
1.074930
1.004891
1.096988
1.026052
1.094351
1.059397
1.023937
1.014560
1.085162
1.040652
1.064020
1.062247
1.093812
1.000899
1.055595
1.040458
1.005377
1.017739
1.095780
1.077009
1.070472
1.066066
1.039118
1.023743
1.000902
1.052696
1.073252
1.094850
1.012141
1.054486
1.049827
1.087071
1.059377
1.046815
1.013124
1.053729
1.006212
1.037061
1.068288
1.091374
1.077713
1.032308
1.053622
1.071525
1.033207
1.009217
1.011982
1.038584
1.026956
1.007762
1.015593
1.097428
1.073827
1.054712
1.021171
1.074729
1.007408
1.094422
1.069579
1.019548
1.048908
1.019406
1.006620
1.008285
1.066221
1.019743
1.062014
1.072433
1.056804
1.030302
1.063807
1.034517
1.062610
1.017429
1.006041
1.095818
1.026645
1.018023
1.034402
1.053601
1.025785
1.049995
1.051029
1.099612
1.004707
1.072200
1.074341
1.012115
1.066622
1.043921
1.031663
1.015530
1.063327
1.038283
1.023816
1.029547
1.058026
1.085829
1.001980
1.014830
1.016131
1.065788
1.049347
1.078742
1.083216
1.055389
1.074559
1.009862
1.073412
1.008961
1.063463
1.099197
1.058956
1.014492
1.098809
1.063663
1.086692
1.073150
1.075778
1.053315
1.017071
1.007441
1.068845
1.080397
1.045723
1.092661
1.009945
1.003749
1.078490
1.011925
1.018580
1.094621
1.077713
1.067927
1.073363
1.060929
1.023316
1.047922
1.070791
1.096728
1.056883
1.034254
1.095925
1.015840
1.048747
1.094734
1.079503
1.035439
1.067884
1.055281
1.088754
1.084955
1.062722
1.057599
1.065352
1.008445
1.050259
1.075297
1.012195
1.028749
1.087222
1.030775
1.023371
1.064935
1.098702
1.096734
1.025865
1.022018
1.044656
1.096656
1.018745
1.001539
1.030910
1.014670
1.017379
1.079656
1.009404
1.096883
1.015095
1.077288
1.052164
1.003849
1.062243
1.014886
1.061448
1.027595
1.023331
1.011707
1.002892
1.035526
1.040457
1.090115
1.066301
1.063827
1.055050
1.065003
1.060561
1.080915
1.087021
1.005217
1.077571
1.005766
1.006756
1.008480
1.020436
1.024136
1.088137
1.029840
1.021018
1.003232
1.007128
1.073182
1.007081
1.069371
1.088068
1.068529
1.096966
1.011399
1.080236
1.099859
1.046925
1.020693
1.089973
1.013226
1.084520
1.045024
1.078229
1.045081
1.025939
1.065250
1.050298
1.003509
1.071016
1.057055
1.011989
1.091452
1.081190
1.000126
1.021292
1.002209
1.003359
1.028420
1.075391
1.010440
1.097791
1.063459
1.078969
1.094757
1.074858
1.059205
1.094616
1.021783
1.079898
1.084589
1.035009
1.064419
1.029613
1.013238
1.009500
1.055552
1.078488
1.059799
1.059061
1.049503
1.016853
1.071050
1.040955
1.098044
1.071177
1.062247
1.000253
1.074535
1.090667
1.075644
1.084975
1.088458
1.039103
1.063944
1.083215
1.013961
1.023150
1.077832
1.035744
1.003048
1.062421
1.070753
1.067467
1.092034
1.083992
1.076967
1.047586
1.062479
1.036766
1.006647
1.011983
1.053620
1.077697
1.052938
1.051663
1.048874
1.015185
1.051916
1.023409
1.005852
1.027560
1.008385
1.094310
1.066663
1.072329
1.077525
1.080623
1.095479
1.055357
1.016367
1.098527
1.017778
1.087120
1.065994
1.009812
1.071112
1.042961
1.057398
1.033592
1.079728
1.064045
1.045574
1.033347
1.041742
1.098512
1.085010
1.090616
1.013697
1.036927
1.014026
1.019549
1.064486
1.022410
1.013859
1.031149
1.094739
1.091384
1.011772
1.090218
1.046741
1.028139
1.088745
1.064519
1.015260
1.054739
1.074331
1.086372
1.097700
1.031729
1.019963
1.077428
1.095774
1.065538
1.010775
1.037516
1.064050
1.095785
1.028132
1.077747
1.032712
1.042158
1.097297
1.097198
1.064569
1.011156
1.028347
1.059308
1.002540
1.040119
1.049526
1.049281
1.068258
1.038271
1.013800
1.083518
1.093010
1.088131
1.069890
1.090710
1.019859
1.089853
1.068138
1.015633
1.055391
1.078913
1.053149
1.019441
1.074699
1.081281
1.097188
1.007410
1.023440
1.094485
1.004609
1.088008
1.005641
1.032955
1.047316
1.008181
1.073074
1.096842
1.057462
1.041333
1.035113
1.071262
1.024851
1.028122
1.059393
1.094740
1.018833
1.079253
1.084593
1.086971
1.094886
1.039984
1.065884
1.048035
1.059425
1.040582
1.029316
1.056613
1.047993
1.052755
1.051098
1.052601
1.040763
1.056739
1.085557
1.088079
1.064920
1.058631
1.084921
1.022383
1.099964
1.020034
1.093645
1.024815
1.048156
1.053038
1.019555
1.066989
1.032291
1.004148
1.053959
1.027176
1.044133
1.019843
1.075211
1.003558
1.060426
1.004527
1.060171
1.008418
1.057282
1.011269
1.061020
1.098046
1.068009
1.046576
1.086125
1.032929
1.005208
1.071046
1.055312
1.005172
1.091080
1.048957
1.029986
1.039236
1.001995
1.049541
1.006225
1.034286
1.053690
1.060185
1.061462
1.097822
1.080028
1.036673
1.001380
1.040454
1.041200
1.061551
1.048872
1.098482
1.072821
1.009892
1.096528
1.040829
1.056468
1.082654
1.073759
1.061676
1.053700
1.029070
1.066847
1.044780
1.078027
1.096834
1.084017
1.080022
1.046375
1.090242
1.014308
1.000065
1.050427
1.075770
1.097887
1.030455
1.012443
1.099267
1.070908
1.053643
1.060818
1.019780
1.052125
1.033639
1.029672
1.048653
1.074468
1.086141
1.031307
1.048227
1.047817
1.085007
1.077297
1.014664
1.029788
1.055325
1.011498
1.013804
1.035347
1.057873
1.004046
1.049655
1.057938
1.054473
1.025425
1.055825
1.084928
1.037868
1.055092
1.055836
1.091511
1.015911
1.075616
1.043637
1.049549
1.005289
1.092290
1.024018
1.091429
1.023597
1.072244
1.039246
1.008605
1.049541
1.053910
1.038392
1.004866
1.065407
1.052197
1.040213
1.023280
1.056243
1.089868
1.081218
1.010716
1.015294
1.037042
1.095644
1.053162
1.092134
1.051480
1.044674
1.008045
1.027096
1.088311
1.057594
1.032385
1.080601
1.081612
1.023814
1.004199
1.053856
1.063060
1.012803
1.003397
1.016970
1.051195
1.008264
1.082377
1.003392
1.048477
1.005657
1.059635
1.038345
1.086875
1.070351
1.053639
1.023917
1.065994
1.006801
1.016052
1.017474
1.051475
1.024097
1.044570
1.039786
1.081691
1.076955
1.020387
1.063303
1.000769
1.024586
1.017159
1.063829
1.037389
1.020556
1.080799
1.088584
1.028820
1.063176
1.091976
1.077297
1.068833
1.051611
1.015642
1.055708
1.021961
1.069281
1.079625
1.087956
1.076082
1.095677
1.005430
1.027558
1.019773
1.050000
1.067344
1.001464
1.026955
1.087731
1.064767
1.027724
1.012317
1.081926
1.091553
1.049706
1.002482
1.072352
1.038290
1.031302
1.035528
1.030266
1.008599
1.004361
1.081877
1.024241
1.060069
1.003839
1.093522
1.039694
1.091795
1.069604
1.035370
1.097225
1.097162
1.055144
1.047225
1.064506
1.056608
1.074180
1.052237
1.021375
1.001905
1.064554
1.003301
1.093458
1.014260
1.005783
1.065810
1.052551
1.037085
1.001338
1.082817
1.045684
1.005699
1.064694
1.069925
1.065767
1.068533
1.063446
1.005461
1.060328
1.033050
1.040831
1.057552
1.030212
1.095975
1.004777
1.094718
1.052583
1.078957
1.046955
1.073958
1.080862
1.011510
1.077259
1.074320
1.025770
1.083042
1.040130
1.078321
1.020127
1.041468
1.061138
1.065811
1.047167
1.025832
1.035736
1.012934
1.094365
1.099182
1.018395
1.054692
1.032232
1.059227
1.012244
1.062445
1.055202
1.017021
1.057163
1.007785
1.095978
1.004119
1.081743
1.076840
1.015628
1.059003
1.051160
1.041398
1.042045
1.091290
1.019719
1.062172
1.032758
1.080856
1.027984
1.079925
1.006688
1.063719
1.092859
1.001053
1.062901
1.011254
1.055745
1.095134
1.070481
1.067989
1.057579
1.025683
1.085011
1.014742
1.033468
1.080989
1.018861
1.015212
1.057830
1.034489
1.074214
1.008990
1.075887
1.016259
1.000280
1.095606
1.078432
1.033038
1.076462
1.006415
1.012963
1.083150
1.070135
1.005822
1.084203
1.033036
1.017076
1.039948
1.028170
1.087558
1.007938
1.085749
1.013241
1.092948
1.000491
1.046709
1.073938
1.019351
1.061920
1.031767
1.053840
1.036135
1.040757
1.029728
1.052394
1.041037
1.025334
1.030826
1.074075
1.001796
1.037241
1.087039
1.084946
1.007376
1.092861
1.069149
1.040412
1.009937
1.009097
1.068582
1.097495
1.017035
1.054331
1.010735
1.009983
1.054822
1.057444
1.083921
1.074173
1.019364
1.015688
1.028014
1.055499
1.056446
1.057742
1.007893
1.097483
1.083075
1.038719
1.071559
1.084871
1.075961
1.058597
1.069816
1.083337
1.051458
1.038965
1.023749
1.061395
1.048062
1.092331
1.058890
1.065097
1.046663
1.069625
1.075080
1.001485
1.027069
1.059000
1.075658
1.046434
1.074689
1.003672
1.001933
1.031134
1.061414
1.009826
1.028617
1.044488
1.048545
1.000176
1.029359
1.024506
1.058773
1.099176
1.007843
1.010231
1.038141
1.031592
1.071626
1.086203
1.023923
1.030516
1.051300
1.070586
1.000141
1.026379
1.072071
1.027210
1.085380
1.047729
1.073644
1.060068
1.051401
1.075576
1.091203
1.012814
1.085403
1.019820
1.057303
1.033948
1.019996
1.086662
1.058454
1.078769
1.085837
1.066297
1.089000
1.023978
1.097889
1.060626
1.010181
1.021812
1.091141
1.061481
1.092398
1.091282
1.087860
1.064468
1.018492
1.073240
1.012197
1.092135
1.033309
1.063598
1.067712
1.024511
1.076412
1.053114
1.044331
1.033714
1.087062
1.064327
1.020376
1.045516
1.043096
1.006214
1.011813
1.032096
1.030192
1.009702
1.092722
1.040373
1.031513
1.083863
1.001854
1.023911
1.075144
1.089715
1.088379
1.093636
1.062955
1.000576
1.085771
1.096263
1.064174
1.053483
1.020775
1.040586
1.006597
1.065106
1.074300
1.093659
1.029434
1.094676
1.039175
1.072530
1.000890
1.050989
1.004626
1.031082
1.060690
1.097348
1.071455
1.092204
1.081210
1.073309
1.016115
1.056355
1.063024
1.004494
1.049991
1.025979
1.005071
1.035762
1.022242
1.069244
1.089245
1.043017
1.009830
1.095842
1.008123
1.084130
1.089501
1.037557
1.078807
1.028676
1.010087
1.079697
1.079664
1.014713
1.010779
1.040355
1.012061
1.082234
1.032558
1.093271
1.055543
1.048673
1.049626
1.018567
1.053168
1.099617
1.044545
1.058238
1.035379
1.066787
1.027483
1.024623
1.009804
1.037313
1.020465
1.017928
1.021443
1.009965
1.055485
1.000250
1.038641
1.065571
1.079946
1.018306
1.080285
1.090725
1.058661
1.092345
1.072958
1.091219
1.085616
1.028501
1.039892
1.035242
1.047068
1.093060
1.034859
1.091613
1.051298
1.070238
1.058400
1.078780
1.094861
1.068205
1.016093
1.015326
1.086133
1.037536
1.025291
1.041617
1.037785
1.063932
1.007189
1.017731
1.082238
1.087473
1.008456
1.040899
1.079818
1.081414
1.032118
1.065435
1.009915
1.072010
1.000677
1.056983
1.065070
1.035537
1.048596
1.016367
1.005774
1.006996
1.095148
1.000636
1.075201
1.011241
1.015961
1.061334
1.048777
1.041252
1.002951
1.086562
1.005185
1.010139
1.004293
1.087423
1.097612
1.012749
1.028322
1.077431
1.094163
1.060439
1.042866
1.004078
1.032449
1.043543
1.061061
1.097519
1.079080
1.009657
1.013886
1.084854
1.016653
1.009034
1.085490
1.091854
1.020275
1.001451
1.053187
1.069051
1.042704
1.056138
1.055613
1.047889
1.066277
1.059906
1.035312
1.063890
1.072656
1.063634
1.041320
1.066819
1.024073
1.084186
1.070897
1.056522
1.027730
1.031958
1.054041
1.006809
1.041615
1.067927
1.091664
1.058268
1.076961
1.077154
1.050122
1.097236
1.078605
1.003309
1.066287
1.021308
1.059447
1.021901
1.069197
1.025724
1.081807
1.004509
1.089614
1.054462
1.068143
1.030934
1.021281
1.092216
1.015120
1.092178
1.048739
1.042850
1.024137
1.002780
1.049659
1.065752
1.070708
1.041323
1.024020
1.047669
1.018476
1.074142
1.044905
1.097081
1.077451
1.011192
1.018389
1.036897
1.033093
1.087586
1.062621
1.014900
1.092095
1.052235
1.069362
1.060239
1.083169
1.090643
1.052455
1.098289
1.082822
1.001194
1.041138
1.006959
1.003974
1.090797
1.072711
1.074681
1.032120
1.096731
1.022350
1.050596
1.070872
1.067255
1.047677
1.048323
1.078448
1.066066
1.085220
1.011541
1.053652
1.047842
1.026441
1.045748
1.000077
1.095803
1.005986
1.083245
1.086446
1.058441
1.081534
1.069268
1.059635
1.022672
1.076227
1.063609
1.013470
1.048938
1.038290
1.045589
1.045669
1.060640
1.096185
1.016541
1.027896
1.043862
1.064864
1.006343
1.009928
1.050084
1.017884
1.063580
1.097926
1.044325
1.009328
1.098002
1.040128
1.015315
1.081248
1.026574
1.073756
1.062782
1.095842
1.033391
1.085454
1.072069
1.097000
1.098924
1.021007
1.035290
1.044513
1.066675
1.095931
1.040699
1.083216
1.023827
1.084561
1.048080
1.030170
1.094489
1.098164
1.048054
1.058069
1.096090
1.092379
1.067397
1.094092
1.032507
1.082712
1.075340
1.059081
1.056469
1.038122
1.054922
1.089860
1.023576
1.026991
1.086860
1.022499
1.047998
1.022150
1.067013
1.014674
1.018081
1.007711
1.097890
1.041908
1.092272
1.045970
1.072078
1.086761
1.044135
1.020133
1.044830
1.040225
1.012512
1.012227
1.034317
1.045019
1.094939
1.009658
1.004099
1.051408
1.047779
1.059022
1.041268
1.071355
1.086013
1.028128
1.093854
1.034011
1.050278
1.060867
1.048685
1.068359
1.068578
1.046575
1.010267
1.060850
1.092546
1.082346
1.047611
1.036681
1.002478
1.092440
1.076906
1.014990
1.004667
1.011223
1.060009
1.099607
1.020881
1.064108
1.051015
1.068660
1.023130
1.092283
1.040015
1.009143
1.020411
1.033869
1.043155
1.070689
1.094736
1.091840
1.039048
1.063314
1.038415
1.049316
1.024164
1.030961
1.031662
1.071775
1.067642
1.034140
1.064215
1.044547
1.049130
1.068882
1.055771
1.009139
1.068489
1.076651
1.073247
1.019504
1.045311
1.096377
1.011786
1.085326
1.005520
1.032197
1.019195
1.048674
1.002886
1.013931
1.040514
1.041934
1.077245
1.078929
1.091250
1.001409
1.009890
1.022912
1.073184
1.077532
1.057052
1.037399
1.022079
1.006181
1.006281
1.077850
1.015320
1.074770
1.054501
1.088567
1.094273
1.099812
1.084944
1.006060
1.085138
1.090464
1.038257
1.004333
1.039139
1.041143
1.018264
1.079653
1.083077
1.095509
1.058582
1.074328
1.096918
1.068472
1.097239
1.070102
1.046004
1.054291
1.007501
1.068083
1.060472
1.013781
1.045933
1.075793
1.088551
1.000434
1.064360
1.082824
1.000247
1.049304
1.088884
1.085385
1.039769
1.027141
1.089718
1.078907
1.068284
1.007982
1.058560
1.051362
1.003491
1.017142
1.025689
1.000409
1.085615
1.022929
1.070511
1.031619
1.077220
1.078011
1.099702
1.037692
1.091793
1.045635
1.013485
1.080343
1.046069
1.077845
1.063168
1.046316
1.027150
1.052052
1.031700
1.066918
1.079193
1.021418
1.045825
1.047477
1.029400
1.004386
1.098839
1.032891
1.021528
1.024528
1.033300
1.007143
1.047457
1.003811
1.038761
1.024677
1.081822
1.038463
1.062369
1.073615
1.084098
1.075854
1.053958
1.030167
1.053699
1.017126
1.076483
1.080849
1.069178
1.008183
1.047767
1.048371
1.029601
1.093593
1.095848
1.059001
1.097978
1.094687
1.091892
1.019506
1.019215
1.025192
1.026649
1.066672
1.029002
1.065410
1.091349
1.010824
1.003873
1.053718
1.084439
1.087971
1.029572
1.038397
1.018139
1.083271
1.055523
1.094622
1.064120
1.024700
1.002805
1.011887
1.073071
1.032406
1.005479
1.068919
1.091408
1.003458
1.063606
1.083300
1.022964
1.082822
1.008492
1.049612
1.049494
1.037494
1.015022
1.040843
1.048318
1.018896
1.094561
1.032757
1.006867
1.024133
1.071154
1.025006
1.007404
1.026677
1.019628
1.071524
1.051377
1.022433
1.083411
1.024449
1.054839
1.088890
1.093368
1.046247
1.092348
1.056974
1.029546
1.015312
1.039796
1.038038
1.064924
1.089290
1.075532
1.079946
1.030133
1.023851
1.098842
1.024695
1.056608
1.005709
1.048828
1.027762
1.030715
1.056232
1.054439
1.050342
1.027756
1.005817
1.072775
1.011167
1.030265
1.027614
1.000057
1.023633
1.073861
1.092405
1.080607
1.003407
1.007717
1.020403
1.041445
1.072641
1.009693
1.016977
1.052587
1.039827
1.040828
1.051429
1.064522
1.097436
1.057138
1.013350
1.025198
1.087853
1.069582
1.079638
1.038195
1.097338
1.085455
1.010970
1.008505
1.015720
1.038584
1.008562
1.039353
1.012445
1.000968
1.019960
1.015852
1.008685
1.040363
1.057297
1.081326
1.050056
1.074275
1.033913
1.089883
1.015103
1.085342
1.054404
1.012539
1.042480
1.067754
1.037737
1.030333
1.037336
1.017375
1.068528
1.034673
1.002829
1.079498
1.043178
1.018549
1.018082
1.051740
1.057902
1.030526
1.052708
1.077862
1.046378
1.061393
1.018225
1.003676
1.042719
1.068282
1.077951
1.076632
1.058164
1.093054
1.061974
1.012569
1.005592
1.004455
1.080323
1.043330
1.034788
1.017658
1.060704
1.003316
1.052331
1.063534
1.082813
1.095509
1.082083
1.000895
1.047250
1.039985
1.031421
1.099958
1.017848
1.077800
1.061350
1.036073
1.081475
1.004069
1.004354
1.059426
1.080701
1.062519
1.052480
1.042675
1.075088
1.058073
1.047130
1.055410
1.001402
1.081918
1.073068
1.062106
1.085233
1.025400
1.025640
1.068046
1.020909
1.007723
1.068941
1.068159
1.047708
1.000362
1.068116
1.065556
1.078162
1.029467
1.001629
1.059637
1.033536
1.005983
1.019064
1.014236
1.068502
1.071544
1.056911
1.043590
1.029616
1.004041
1.099000
1.031018
1.085959
1.072068
1.093125
1.071192
1.097468
1.018765
1.039238
1.018378
1.026488
1.008179
1.086536
1.074197
1.008542
1.054653
1.039752
1.086704
1.084120
1.041381
1.046341
1.017655
1.047364
1.065405
1.031891
1.015867
1.036949
1.088803
1.059456
1.066565
1.092844
1.058456
1.097584
1.078803
1.030525
1.090708
1.049995
1.027993
1.009474
1.089233
1.046371
1.035962
1.097413
1.032907
1.010158
1.005955
1.087560
1.049911
1.092658
1.071679
1.091292
1.038999
1.089334
1.038656
1.004404
1.021226
1.054523
1.041353
1.010029
1.013979
1.007918
1.002873
1.072435
1.005502
1.081676
1.002960
1.096210
1.031671
1.030953
1.005684
1.020904
1.077323
1.041646
1.018317
1.010230
1.051804
1.024272
1.097790
1.001715
1.016930
1.069469
1.093007
1.055929
1.058803
1.031663
1.060333
1.080029
1.086186
1.001687
1.090058
1.000165
1.009605
1.092931
1.072601
1.015107
1.074607
1.075561
1.011317
1.006278
1.006513
1.017001
1.027183
1.083837
1.058647
1.045500
1.094067
1.010451
1.069772
1.091857
1.012166
1.086701
1.061326
1.005173
1.042631
1.020129
1.036837
1.002964
1.000159
1.023023
1.004651
1.090217
1.023188
1.014256
1.083148
1.095789
1.029362
1.057755
1.071350
1.040680
1.064033
1.077863
1.057681
1.091216
1.061700
1.016328
1.036716
1.055766
1.026780
1.006488
1.047623
1.038946
1.093189
1.008949
1.044119
1.035820
1.029078
1.080956
1.038784
1.029237
1.003978
1.043435
1.019453
1.027167
1.057690
1.002601
1.022956
1.087053
1.060356
1.094306
1.027733
1.024389
1.072169
1.085414
1.015606
1.033869
1.001742
1.052322
1.089635
1.028522
1.058810
1.037258
1.067467
1.052000
1.046207
1.011586
1.087820
1.075285
1.092542
1.026604
1.004522
1.096520
1.070039
1.023975
1.023687
1.027729
1.026576
1.046643
1.014782
1.086932
1.040949
1.042514
1.011321
1.013118
1.027928
1.026927
1.046987
1.029670
1.079249
1.036622
1.058192
1.038059
1.073881
1.025659
1.090059
1.020088
1.037245
1.077878
1.095373
1.029787
1.004482
1.099895
1.026307
1.074521
1.023870
1.049994
1.002250
1.050447
1.096638
1.017032
1.037379
1.037587
1.059546
1.048700
1.050705
1.087474
1.075627
1.097692
1.017144
1.054876
1.034314
1.075336
1.092935
1.008195
1.000995
1.082993
1.028283
1.038241
1.060872
1.023656
1.068028
1.065354
1.023551
1.094335
1.039875
1.047422
1.044329
1.042124
1.097868
1.040967
1.059156
1.035247
1.078554
1.018702
1.083947
1.029259
1.006176
1.059573
1.026951
1.023321
1.014449
1.061265
1.098657
1.007384
1.069460
1.099652
1.090377
1.097743
1.037893
1.051249
1.021399
1.005921
1.016602
1.044951
1.000256
1.056477
1.092372
1.044585
1.098601
1.090241
1.085552
1.057757
1.025488
1.064105
1.076459
1.009434
1.093364
1.082635
1.069008
1.020314
1.005956
1.083457
1.081579
1.004613
1.090841
1.051040
1.004265
1.081218
1.048783
1.042158
1.032466
1.070182
1.048078
1.049068
1.015132
1.048334
1.005545
1.007505
1.092919
1.004146
1.097745
1.078470
1.061903
1.023233
1.042575
1.038362
1.032667
1.035939
1.020997
1.001675
1.056253
1.026953
1.085132
1.037833
1.031566
1.075972
1.088872
1.035831
1.057190
1.037655
1.077989
1.089656
1.007836
1.026067
1.038724
1.022969
1.074401
1.044269
1.030473
1.067320
1.048416
1.028219
1.045790
1.010319
1.051452
1.088365
1.048681
1.084119
1.024304
1.069679
1.085794
1.080557
1.096632
1.070926
1.018390
1.028198
1.046899
1.007262
1.064029
1.004089
1.044917
1.042018
1.093745
1.052754
1.068085
1.032469
1.075722
1.042486
1.076738
1.006196
1.009806
1.025154
1.034415
1.055596
1.035473
1.085867
1.043961
1.084154
1.069986
1.068265
1.053833
1.055781
1.048822
1.050465
1.026707
1.067213
1.078663
1.073606
1.074475
1.042692
1.077694
1.019392
1.084709
1.071439
1.072146
1.052794
1.003908
1.047868
1.095280
1.080646
1.054065
1.005085
1.005800
1.088480
1.060681
1.041273
1.074347
1.004641
1.025428
1.044333
1.072906
1.079260
1.000114
1.021729
1.029725
1.026821
1.088941
1.008388
1.000427
1.063416
1.051079
1.078121
1.082809
1.035789
1.049560
1.054955
1.088582
1.053468
1.002823
1.083862
1.034114
1.056888
1.088947
1.039915
1.045367
1.049628
1.081188
1.019714
1.054269
1.006616
1.064047
1.027175
1.085876
1.064160
1.048904
1.015601
1.090981
1.037846
1.023989
1.091408
1.001262
1.075068
1.069529
1.084071
1.010857
1.019089
1.039026
1.099439
1.072558
1.041849
1.083301
1.006672
1.098737
1.072248
1.046587
1.044104
1.021876
1.027775
1.063818
1.076145
1.034390
1.027865
1.003320
1.020266
1.092025
1.052224
1.035867
1.083007
1.090070
1.059856
1.074415
1.091333
1.034924
1.043944
1.075404
1.045781
1.063034
1.014430
1.045220
1.035591
1.056279
1.028521
1.042263
1.055016
1.000769
1.088850
1.099120
1.022644
1.016624
1.062938
1.098789
1.051014
1.090803
1.002109
1.071280
1.082829
1.054333
1.007148
1.065835
1.044403
1.067004
1.040250
1.035736
1.001928
1.084194
1.011139
1.047709
1.047228
1.025569
1.092929
1.082819
1.081848
1.021450
1.025082
1.036864
1.022218
1.013932
1.035984
1.044862
1.030556
1.098922
1.043651
1.081571
1.089726
1.045760
1.052851
1.072554
1.000093
1.059999
1.038390
1.044496
1.027002
1.078640
1.080232
1.028930
1.062834
1.091372
1.076639
1.010062
1.016941
1.069568
1.092881
1.098788
1.091018
1.017964
1.035652
1.013236
1.031896
1.071636
1.058098
1.062452
1.070559
1.001749
1.044022
1.060284
1.047509
1.096873
1.032839
1.047602
1.056872
1.071228
1.092099
1.083874
1.049868
1.072331
1.012804
1.012702
1.063702
1.089444
1.022764
1.080643
1.059011
1.015645
1.079432
1.050029
1.033609
1.015084
1.063265
1.065504
1.086720
1.021363
1.027956
1.057279
1.023113
1.071978
1.017563
1.070622
1.068851
1.050402
1.018224
1.025723
1.021631
1.010323
1.009597
1.071499
1.082654
1.022401
1.084201
1.046356
1.011845
1.006965
1.027000
1.070856
1.022610
1.006431
1.020885
1.056219
1.021515
1.084150
1.021723
1.008235
1.005514
1.049679
1.065515
1.028626
1.021658
1.083078
1.099249
1.090509
1.033480
1.017473
1.016232
1.055111
1.027796
1.025829
1.026609
1.010450
1.048230
1.010810
1.056807
1.060075
1.017775
1.083806
1.030932
1.040385
1.090237
1.051817
1.096604
1.011753
1.035968
1.018327
1.019988
1.041481
1.068006
1.085503
1.070108
1.089664
1.068581
1.069356
1.080173
1.002061
1.086829
1.096404
1.057172
1.014625
1.022233
1.083781
1.025076
1.070463
1.094591
1.081882
1.030539
1.012365
1.065688
1.061470
1.052750
1.055926
1.013287
1.049353
1.067679
1.049255
1.067680
1.087667
1.090736
1.035687
1.073170
1.060844
1.025351
1.041750
1.030200
1.005523
1.043811
1.017030
1.001928
1.000983
1.031655
1.024161
1.084764
1.056731
1.094624
1.079355
1.038613
1.025163
1.091720
1.004301
1.086633
1.044470
1.060227
1.099921
1.093823
1.027906
1.049176
1.061504
1.015573
1.039912
1.097191
1.088742
1.000756
1.022541
1.030493
1.030957
1.028065
1.074304
1.047986
1.029992
1.075287
1.079642
1.054153
1.060051
1.036372
1.048778
1.039405
1.074985
1.073941
1.031125
1.079287
1.060574
1.075595
1.039514
1.060495
1.069419
1.067420
1.009670
1.030922
1.082993
1.049582
1.028113
1.071735
1.050339
1.050654
1.002228
1.081295
1.078719
1.076532
1.029281
1.008711
1.051819
1.008923
1.062864
1.011869
1.045296
