1.894200
1.369600
1.304300
1.664200
1.458900
1.586000
1.957400
1.207400
1.448600
1.121600
1.722100
1.152900
1.517300
1.861500
1.000100
1.547300
1.396400
1.527400
1.169700
1.996300
1.724800
1.562700
1.274000
1.374000
1.470300
1.013100
1.928800
1.422900
1.434400
1.285500
1.110100
1.329100
1.654100
1.413600
1.991200
1.114800
1.997500
1.948800
1.321200
1.447900
1.073200
1.044400
1.599500
1.588100
1.902300
1.966700
1.137000
1.300700
1.495600
1.304700
1.297300
1.221500
1.863800
1.568400
1.592300
1.335900
1.579100
1.521500
1.755000
1.015500
1.803500
1.861900
1.340800
1.458800
1.277400
1.332300
1.569900
1.275200
1.281500
1.886600
1.718100
1.350800
1.926800
1.319000
1.933000
1.829500
1.286100
1.072700
1.132500
1.775600
1.371900
1.424200
1.991500
1.236400
1.985800
1.585100
1.566000
1.566300
1.108300
1.321900
1.576000
1.903600
1.184500
1.909800
1.364100
1.455000
1.244200
1.926000
1.722800
1.518400
1.812900
1.442000
1.861200
1.740100
1.752900
1.794500
1.570300
1.041300
1.859500
1.694800
1.807000
1.233500
1.120900
1.798600
1.461200
1.107000
1.385100
1.028800
1.663200
1.484600
1.341200
1.240700
1.388700
1.516200
1.151100
1.742500
1.960400
1.385300
1.668900
1.684200
1.892400
1.482500
1.128100
1.754200
1.223700
1.868600
1.549500
1.781900
1.899200
1.409600
1.477700
1.706900
1.631500
1.587300
1.506300
1.094500
1.682700
1.878900
1.111800
1.347200
1.365200
1.440300
1.575300
1.740700
1.942800
1.713700
1.484200
1.903400
1.101000
1.154300
1.588700
1.978000
1.622600
1.703500
1.733000
1.832300
1.572600
1.284000
1.615000
1.472300
1.678700
1.094600
1.180400
1.311500
1.666100
1.671100
1.391400
1.350000
1.550500
1.488400
1.681500
1.899800
1.912400
1.258200
1.641400
1.855500
1.954500
1.127400
1.759400
1.058500
1.265700
1.349500
1.036900
1.870400
1.054200
1.751600
1.703300
1.608800
1.037900
1.319700
1.082900
1.697900
1.397100
1.246000
1.003400
1.064500
1.897800
1.384700
1.396100
1.449900
1.853900
1.078800
1.350200
1.766700
1.318300
1.971500
1.622800
1.273200
1.101700
1.383100
1.312900
1.347900
1.712700
1.330800
1.218900
1.747500
1.083400
1.900800
1.357700
1.101800
1.222700
1.420600
1.777800
1.598700
1.645800
1.769200
1.642800
1.544100
1.155900
1.040900
1.971900
1.986500
1.098800
1.324300
1.754000
1.395100
1.296100
1.378100
1.646000
1.376000
1.738400
1.936200
1.701000
1.452200
1.269200
1.897100
1.200800
1.330100
1.798300
1.534800
1.409000
1.997400
1.931300
1.187700
1.597500
1.578400
1.026200
1.241600
1.124100
1.090000
1.258800
1.096500
1.076800
1.333500
1.395800
1.804500
1.703100
1.666700
1.184700
1.350400
1.044900
1.896200
1.287000
1.718900
1.021200
1.530300
1.616500
1.525100
1.833900
1.415600
1.061600
1.244900
1.413200
1.964200
1.406100
1.982700
1.543900
1.337900
1.226800
1.641200
1.401000
1.458200
1.710500
1.450700
1.763600
1.108400
1.256000
1.467800
1.745700
1.412700
1.789400
1.762700
1.309400
1.078900
1.482600
1.630400
1.579400
1.100600
1.157200
1.414100
1.486300
1.190000
1.629400
1.869300
1.154600
1.037600
1.852200
1.667600
1.345100
1.081600
1.310000
1.715200
1.508600
1.988400
1.167800
1.273100
1.099700
1.392800
1.709100
1.812700
1.773600
1.499300
1.576200
1.085300
1.546900
1.060700
1.682600
1.127900
1.129700
1.807800
1.509200
1.582800
1.965300
1.140000
1.452800
1.122600
1.145400
1.305700
1.755800
1.457000
1.354500
1.068100
1.173300
1.828600
1.056900
1.307500
1.104200
1.123100
1.665700
1.777600
1.899700
1.440100
1.278600
1.477400
1.491200
1.789800
1.503700
1.175000
1.882800
1.598400
1.945700
1.393700
1.182800
1.911200
1.498300
1.599200
1.998100
1.607900
1.868500
1.754600
1.066800
1.225100
1.786700
1.203800
1.054600
1.807200
1.474200
1.122300
1.893500
1.141200
1.860900
1.793600
1.543200
1.142000
1.272800
1.995700
1.892200
1.737600
1.173500
1.775500
1.337500
1.119700
1.171300
1.481900
1.990000
1.630000
1.082600
1.988100
1.239300
1.909900
1.743600
1.267300
1.137600
1.531200
1.431500
1.153000
1.339200
1.864900
1.235600
1.233300
1.966000
1.097300
1.984700
1.510700
1.198900
1.259900
1.506700
1.091800
1.954800
1.639100
1.824300
1.294600
1.717600
1.954000
1.734000
1.707800
1.585300
1.774900
1.696100
1.782300
1.685200
1.440700
1.052100
1.780400
1.928200
1.015100
1.890700
1.269700
1.305900
1.128900
1.459800
1.272300
1.183200
1.444700
1.738500
1.338500
1.660600
1.246900
1.386700
1.615800
1.840400
1.211800
1.865600
1.559000
1.166300
1.600500
1.267900
1.705500
1.376400
1.917400
1.488700
1.062900
1.360100
1.495800
1.796000
1.288800
1.889600
1.687200
1.512300
1.197800
1.770100
1.925000
1.423600
1.906700
1.371600
1.163100
1.247500
1.983900
1.362900
1.586600
1.600900
1.204100
1.750900
1.467200
1.714500
1.869500
1.069200
1.934300
1.576100
1.020200
1.852000
1.066700
1.412100
1.214300
1.513200
1.209000
1.454100
1.403300
1.845700
1.916400
1.552000
1.616600
1.841700
1.925400
1.523900
1.215400
1.091300
1.721300
1.199600
1.403700
1.309300
1.749000
1.557500
1.061300
1.218000
1.033500
1.878100
1.236900
1.207800
1.455700
1.582300
1.034500
1.471500
1.942200
1.223500
1.931900
1.153800
1.625000
1.337300
1.945500
1.541800
1.835900
1.563500
1.384200
1.761600
1.089100
1.546700
1.800300
1.035800
1.693200
1.206100
1.067500
1.443200
1.709000
1.075900
1.607500
1.928000
1.898000
1.790300
1.138500
1.355500
1.374100
1.035600
1.771700
1.316700
1.314200
1.704000
1.415800
1.882900
1.985700
1.361800
1.426300
1.822200
1.013500
1.754300
1.584700
1.902100
1.302600
1.385800
1.658800
1.938200
1.535600
1.670400
1.383300
1.245800
1.690000
1.932800
1.174400
1.588400
1.723800
1.030600
1.886100
1.100100
1.344200
1.658700
1.358900
1.600300
1.363800
1.716100
1.483800
1.349700
1.080100
1.850900
1.172700
1.888100
1.606100
1.697500
1.790600
1.849400
1.085500
1.030300
1.787900
1.560800
1.122400
1.036200
1.746800
1.751100
1.106600
1.010200
1.341000
1.768700
1.119800
1.227700
1.808600
1.403100
1.044000
1.001800
1.941200
1.190300
1.823200
1.426700
1.478400
1.842200
1.278400
1.589700
1.730700
1.821500
1.288400
1.522100
1.671600
1.312200
1.909700
1.460300
1.809400
1.969700
1.571100
1.557200
1.721600
1.016800
1.419100
1.998900
1.020700
1.475800
1.229200
1.194200
1.814500
1.987900
1.300200
1.756100
1.180900
1.124300
1.184800
1.594100
1.900000
1.398600
1.185300
1.631700
1.220900
1.408500
1.155600
1.825800
1.655100
1.997700
1.288100
1.465300
1.967600
1.792200
1.955500
1.690200
1.408700
1.376500
1.689200
1.726500
1.785000
1.851800
1.854000
1.060600
1.839800
1.156600
1.357400
1.953500
1.214000
1.475000
1.549000
1.114700
1.805200
1.666600
1.677200
1.958000
1.077200
1.764800
1.784500
1.662600
1.762600
1.075100
1.129900
1.730400
1.796700
1.085800
1.421800
1.000700
1.392700
1.112200
1.862800
1.178700
1.892300
1.717300
1.707900
1.732700
1.804000
1.994600
1.686500
1.947600
1.471400
1.237100
1.991700
1.277500
1.831400
1.670100
1.235900
1.837700
1.435800
1.947300
1.501600
1.199500
1.951000
1.559900
1.856400
1.748400
1.574100
1.280200
1.883600
1.893800
1.320400
1.746900
1.999900
1.213400
1.068400
1.708800
1.871400
1.270200
1.703600
1.047300
1.218200
1.176800
1.722400
1.210300
1.380400
1.554400
1.804900
1.542100
1.392900
1.242700
1.489800
1.819000
1.367600
1.441200
1.380500
1.224800
1.190700
1.878300
1.429600
1.996800
1.772600
1.674100
1.744600
1.772500
1.811600
1.047100
1.482400
1.683500
1.405700
1.187200
1.009600
1.547400
1.287600
1.888200
1.680900
1.590600
1.444200
1.486600
1.134400
1.759100
1.651700
1.545800
1.578800
1.941000
1.908400
1.880800
1.168400
1.101900
1.759500
1.519000
1.099000
1.533000
1.194500
1.763200
1.306500
1.925200
1.895900
1.708900
1.609900
1.303700
1.816800
1.774400
1.770400
1.106900
1.663100
1.452500
1.616300
1.109300
1.857900
1.670600
1.786300
1.510900
1.218100
1.366600
1.025300
1.127100
1.248100
1.539700
1.148200
1.924500
1.976300
1.166200
1.459200
1.040800
1.845800
1.683400
1.099300
1.742100
1.393500
1.625600
1.963000
1.211100
1.030000
1.734200
1.042800
1.979700
1.188600
1.767500
1.092000
1.961100
1.439300
1.793000
1.473700
1.573600
1.161900
1.841200
1.616900
1.325800
1.382600
1.681000
1.250900
1.359200
1.031100
1.624500
1.448000
1.609100
1.309200
1.462600
1.352300
1.616800
1.089700
1.315600
1.742300
1.404500
1.962300
1.891900
1.384500
1.039400
1.660200
1.390700
1.115300
1.101600
1.184600
1.501500
1.587400
1.043500
1.343500
1.205800
1.498200
1.638200
1.797900
1.661400
1.909300
1.561500
1.287400
1.359300
1.172100
1.508200
1.732800
1.435700
1.126500
1.734400
1.662400
1.778400
1.141100
1.054700
1.670800
1.436000
1.689700
1.332400
1.736700
1.715800
1.344800
1.831600
1.219100
1.841000
1.094100
1.472200
1.956500
1.501100
1.111900
1.755200
1.163800
1.045400
1.021400
1.360200
1.289700
1.399400
1.776200
1.929600
1.743000
1.811500
1.665000
1.406600
1.590800
1.714300
1.059000
1.262900
1.152400
1.629000
1.502500
1.794900
1.345900
1.013300
1.627200
1.093000
1.595900
1.628600
1.850300
1.552800
1.131600
1.868900
1.309000
1.202000
1.797500
1.081400
1.030700
1.992700
1.837600
1.245000
1.922500
1.581600
1.959900
1.016000
1.892700
1.552100
1.304200
1.831200
1.719600
1.361700
1.461600
1.224000
1.157600
1.711400
1.880600
1.687600
1.185500
1.478000
1.317600
1.937500
1.933200
1.353000
1.806900
1.244600
1.458300
1.605200
1.679700
1.828100
1.598100
1.518000
1.975500
1.521100
1.101300
1.935600
1.111400
1.893900
1.489300
1.317400
1.725800
1.210100
1.580200
1.189400
1.335500
1.639300
1.800400
1.216800
1.328200
1.886900
1.594800
1.546200
1.824700
1.528400
1.799100
1.632400
1.673100
1.259500
1.239100
1.354000
1.985400
1.735700
1.770700
1.961000
1.258500
1.771600
1.896900
1.269500
1.666000
1.388000
1.485500
1.077100
1.496800
1.034300
1.480900
1.730200
1.603600
1.282200
1.844900
1.829300
1.169800
1.077600
1.377200
1.890000
1.865900
1.177300
1.523800
1.540300
1.333700
1.659700
1.790700
1.319400
1.001600
1.562300
1.280900
1.551200
1.334800
1.178400
1.716600
1.895200
1.461800
1.204000
1.290300
1.853200
1.167500
1.665600
1.584400
1.665100
1.842600
1.430100
1.495100
1.907200
1.765100
1.766300
1.797700
1.067600
1.837800
1.323200
1.173700
1.174000
1.875300
1.856200
1.386800
1.273900
1.420100
1.062200
1.717200
1.647700
1.102600
1.434900
1.543400
1.986100
1.531700
1.725900
1.069700
1.591700
1.033700
1.425800
1.258100
1.236200
1.747000
1.644100
1.144000
1.513100
1.411300
1.831100
1.146300
1.250000
1.156800
1.211200
1.315000
1.920600
1.955900
1.591800
1.197100
1.024700
1.154400
1.802800
1.914300
1.675400
1.239800
1.459400
1.661700
1.660100
1.186500
1.502300
1.253300
1.467900
1.816400
1.400300
1.592900
1.564400
1.931600
1.625700
1.964900
1.345000
1.457600
1.999400
1.483000
1.095300
1.075600
1.685400
1.049200
1.105100
1.278800
1.091000
1.434700
1.320600
1.311900
1.349600
1.881300
1.438500
1.010900
1.544300
1.983500
1.767700
1.931800
1.239500
1.237700
1.748900
1.028700
1.715100
1.112100
1.457100
1.342300
1.280300
1.686900
1.684300
1.280000
1.171800
1.188700
1.378300
1.740300
1.496300
1.432700
1.903200
1.887700
1.050200
1.226200
1.202100
1.983800
1.989000
1.523600
1.679800
1.534900
1.507300
1.448500
1.467100
1.629700
1.569000
1.217200
1.156700
1.285400
1.414500
1.495500
1.509700
1.576900
1.183700
1.195300
1.738600
1.116900
1.265900
1.997900
1.857800
1.023600
1.118500
1.761400
1.531000
1.027800
1.038800
1.614000
1.168900
1.857600
1.139500
1.727600
1.394200
1.526100
1.178200
1.740500
1.157400
1.626000
1.837400
1.194000
1.106100
1.254100
1.568000
1.302200
1.082000
1.630900
1.376600
1.000800
1.747200
1.100400
1.446800
1.605700
1.165400
1.757100
1.368200
1.573500
1.819800
1.237400
1.189100
1.866400
1.970300
1.206400
1.595100
1.366700
1.019700
1.650500
1.982500
1.643200
1.278000
1.820500
1.713900
1.943200
1.950700
1.283600
1.247900
1.660700
1.789100
1.499900
1.984200
1.537300
1.895500
1.433100
1.144700
1.025100
1.191200
1.387500
1.511300
1.883900
1.499600
1.575200
1.118800
1.002400
1.656000
1.347600
1.710700
1.266300
1.870600
1.693400
1.013700
1.151200
1.514700
1.496900
1.035200
1.465800
1.653400
1.216000
1.121300
1.443400
1.587700
1.982300
1.852300
1.060900
1.417400
1.869400
1.420400
1.104500
1.259200
1.802600
1.365400
1.629600
1.379400
1.985900
1.970400
1.905200
1.005500
1.682200
1.174200
1.207200
1.376800
1.824900
1.229400
1.761000
1.323700
1.195200
1.228800
1.051800
1.281200
1.227000
1.291200
1.737400
1.209700
1.144300
1.223200
1.048300
1.880700
1.512100
1.844700
1.142600
1.315700
1.212400
1.639500
1.563100
1.198700
1.610100
1.468800
1.402400
1.293600
1.511100
1.477500
1.537600
1.336800
1.574400
1.299600
1.527500
1.636800
1.395600
1.002300
1.784700
1.489400
1.110300
1.523200
1.565600
1.542700
1.612700
1.926600
1.424100
1.989800
1.771900
1.432800
1.308000
1.849900
1.936400
1.735300
1.913800
1.548000
1.206200
1.318500
1.706200
1.581100
1.659800
1.245600
1.782000
1.073900
1.409400
1.311300
1.735500
1.668400
1.548700
1.067000
1.159800
1.942900
1.906800
1.130200
1.487300
1.521000
1.129400
1.773700
1.135100
1.079500
1.208700
1.681400
1.997800
1.145600
1.417800
1.912000
1.554600
1.486100
1.233000
1.262100
1.927700
1.753000
1.369200
1.030200
1.850100
1.089400
1.882500
1.586700
1.027100
1.432900
1.967400
1.329700
1.376300
1.874600
1.776500
1.722900
1.397400
1.293100
1.497500
1.767300
1.440200
1.565800
1.450000
1.438300
1.571000
1.726400
1.350900
1.983400
1.214500
1.442700
1.248200
1.998400
1.196900
1.475400
1.710000
1.903100
1.971300
1.593100
1.491300
1.282900
1.883000
1.459100
1.469900
1.261600
1.334400
1.247400
1.839900
1.588200
1.397200
1.339300
1.356600
1.129100
1.760500
1.662300
1.987100
1.333200
1.389800
1.340400
1.316900
1.065200
1.638100
1.420700
1.000400
1.690500
1.750600
1.170200
1.067200
1.722200
1.617100
1.939200
1.859600
1.500700
1.114000
1.331500
1.028600
1.588600
1.433000
1.457200
1.178500
1.079000
1.649900
1.388400
1.378200
1.411400
1.902500
1.365600
1.597400
1.044100
1.558600
1.766800
1.606800
1.198200
1.189800
1.917300
1.739500
1.790800
1.939700
1.335200
1.514200
1.558200
1.274900
1.374500
1.909500
1.526200
1.557000
1.135700
1.964500
1.840300
1.834800
1.993900
1.117100
1.486000
1.384600
1.753100
1.747100
1.287700
1.968300
1.346200
1.432100
1.528500
1.960800
1.887200
1.576400
1.153600
1.076900
1.317100
1.791600
1.745000
1.500900
1.307700
1.305000
1.624300
1.028500
1.215100
1.068200
1.050700
1.064400
1.962400
1.775200
1.425300
1.956400
1.123700
1.758000
1.343300
1.022700
1.506200
1.081300
1.032300
1.698800
1.756200
1.399700
1.659900
1.644000
1.821300
1.113400
1.449800
1.984100
1.452600
1.195900
1.486900
1.605800
1.346400
1.955300
1.980400
1.406900
1.953100
1.915000
1.047000
1.915700
1.691100
1.047600
1.872400
1.837500
1.122000
1.076300
1.738800
1.124000
1.539500
1.608700
1.917600
1.296800
1.851400
1.578900
1.782800
1.673500
1.240400
1.234700
1.657800
1.535300
1.273800
1.024100
1.130300
1.462400
1.942000
1.962800
1.710900
1.895400
1.878200
1.097800
1.094400
1.570500
1.661600
1.684500
1.408900
1.530700
1.744000
1.987000
1.747800
1.120300
1.597200
1.665900
1.422700
1.449300
1.246500
1.206500
1.961500
1.327100
1.281400
1.620600
1.701200
1.394900
1.607300
1.683800
1.695900
1.549800
1.646900
1.408100
1.445700
1.525700
1.090300
1.018300
1.933600
1.460900
1.779600
1.092500
1.828800
1.524700
1.332100
1.577600
1.109800
1.765800
1.097200
1.108200
1.217300
1.328900
1.074500
1.179200
1.492800
1.235100
1.635400
1.195400
1.466200
1.244300
1.714000
1.078200
1.629300
1.362400
1.407100
1.910100
1.142800
1.206000
1.171200
1.657000
1.074300
1.784300
1.836600
1.331300
1.310900
1.167400
1.742600
1.792000
1.769800
1.822000
1.699700
1.064600
1.043200
1.651000
1.834900
1.479500
1.720000
1.471700
1.508700
1.188300
1.013600
1.098400
1.185400
1.017200
1.065900
1.425000
1.921000
1.973000
1.463800
1.924900
1.631300
1.796900
1.127600
1.468700
1.959800
1.852600
1.472000
1.703400
1.645500
1.243000
1.151600
1.346500
1.893700
1.511200
1.827100
1.729300
1.820600
1.548200
1.203100
1.167900
1.567200
1.581900
1.385600
1.582900
1.592500
1.634000
1.837100
1.514000
1.163400
1.303000
1.439400
1.240200
1.927200
1.976900
1.537200
1.153400
1.830100
1.173200
1.110600
1.477000
1.080700
1.945200
1.651400
1.131100
1.033600
1.479300
1.532900
1.279900
1.069500
1.563800
1.438400
1.002700
1.971700
1.650600
1.092600
1.143400
1.286200
1.669400
1.905500
1.718800
1.011300
1.347000
1.785200
1.726200
1.024300
1.177000
1.122100
1.016100
1.984900
1.072000
1.035900
1.118000
1.975400
1.932000
1.697100
1.074100
1.413300
1.231900
1.105800
1.268100
1.619100
1.802300
1.514600
1.591000
1.454300
1.347100
1.979500
1.564200
1.838700
1.885300
1.284300
1.090200
1.234900
1.045600
1.365700
1.381900
1.217600
1.801100
1.360300
1.202900
1.831000
1.638900
1.916500
1.806600
1.571300
1.614800
1.244700
1.805700
1.139000
1.605600
1.895100
1.289100
1.408800
1.411600
1.700000
1.683300
1.579300
1.099900
1.249400
1.418800
1.136500
1.103000
1.875900
1.620700
1.245400
1.244000
1.168500
1.283100
1.072300
1.067100
1.035700
1.694600
1.641600
1.222800
1.502100
1.214700
1.655200
1.182600
1.174300
1.325000
1.988300
1.072800
1.432300
1.399300
1.961700
1.948600
1.899000
1.136600
1.629500
1.965800
1.091600
1.197000
1.322300
1.654900
1.633500
1.384800
1.715700
1.456300
1.484400
1.579200
1.457900
1.606300
1.275100
1.914200
1.645200
1.005400
1.944800
1.301900
1.972400
1.782600
1.442200
1.153300
1.516400
1.689000
1.362500
1.478500
1.638000
1.039900
1.152100
1.269100
1.228300
1.614100
1.280600
1.364600
1.270500
1.726700
1.562800
1.025800
1.995900
1.859900
1.379300
1.455900
1.096900
1.467500
1.370700
1.924600
1.871500
1.316000
1.066300
1.844100
1.909100
1.483200
1.805100
1.427500
1.029500
1.979000
1.717100
1.622100
1.183100
1.552700
1.702500
1.283900
1.976700
1.794200
1.459300
1.014800
1.522000
1.831700
1.857100
1.518200
1.692300
1.238800
1.783500
1.969500
1.515700
1.963700
1.894400
1.387900
1.282300
1.933100
1.232900
1.144400
1.418400
1.845200
1.428100
1.401400
1.824400
1.952200
1.830800
1.876900
1.506600
1.534600
1.968900
1.483700
1.142400
1.430300
1.541600
1.658600
1.263000
1.399500
1.983200
1.761100
1.164000
1.767600
1.730800
1.767400
1.731500
1.114400
1.961400
1.820300
1.559300
1.197300
1.818800
1.783200
1.846400
1.249200
1.989900
1.064900
1.201900
1.069800
1.549100
1.513000
1.357800
1.009900
1.800900
1.492300
1.010400
1.344400
1.044300
1.196500
1.547900
1.937300
1.582500
1.797000
1.705900
1.314600
1.565500
1.438700
1.168200
1.527300
1.089800
1.303800
1.528100
1.879700
1.079600
1.375400
1.931700
1.161000
1.848100
1.127700
1.700300
1.399100
1.451200
1.189500
1.718600
1.253100
1.354300
1.472600
1.399000
1.308800
1.293900
1.747300
1.246700
1.676400
1.545200
1.752000
1.153900
1.910300
1.990500
1.535400
1.439500
1.113700
1.141800
1.150200
1.930900
1.199800
1.941600
1.862900
1.407000
1.790400
1.799500
1.905100
1.041700
1.252900
1.765600
1.007700
1.305100
1.918300
1.978300
1.113600
1.229800
1.275000
1.250800
1.151300
1.748000
1.593000
1.822900
1.540500
1.503800
1.813600
1.872300
1.740000
1.864200
1.100700
1.507900
1.795500
1.184400
1.143500
1.659000
1.162600
1.241500
1.459500
1.054900
1.230000
1.033200
1.712200
1.732200
1.609300
1.123900
1.128800
1.906200
1.656200
1.780900
1.952000
1.726100
1.530000
1.546600
1.549900
1.864100
1.190500
1.364500
1.737000
1.044600
1.229500
1.252100
1.886300
1.816900
1.080800
1.046500
1.037300
1.920800
1.373500
1.729500
1.866600
1.396800
1.240100
1.580000
1.920000
1.640900
1.212600
1.631900
1.547600
1.106000
1.413800
1.500100
1.387000
1.734700
1.123200
1.122500
1.004200
1.682300
1.145300
1.337700
1.269400
1.009100
1.380900
1.944200
1.721400
1.262500
1.162100
1.033300
1.971200
1.448900
1.719000
1.838400
1.635200
1.749100
1.109500
1.555700
1.391600
1.422400
1.975600
1.727500
1.869800
1.391800
1.229600
1.259400
1.913500
1.853600
1.773800
1.178800
1.127300
1.657400
1.640200
1.594700
1.561600
1.808500
1.539400
1.179600
1.858500
1.612200
1.053500
1.829900
1.847600
1.777500
1.669000
1.186400
1.527700
1.875200
1.825600
1.705300
1.300000
1.801400
1.434000
1.953700
1.978600
1.093300
1.998700
1.892500
1.000200
1.773500
1.409200
1.625900
1.432400
1.833100
1.222400
1.023200
1.642500
1.545500
1.846600
1.501800
1.940800
1.903900
1.332600
1.127000
1.682400
1.784100
1.275600
1.992800
1.156400
1.882600
1.699300
1.743100
1.684900
1.158100
1.178000
1.663800
1.367800
1.696000
1.556900
1.454500
1.470500
1.162000
1.062800
1.684400
1.581700
1.047200
1.463300
1.225900
1.413000
1.310800
1.508300
1.201200
1.993500
1.621800
1.922400
1.070700
1.203400
1.217100
1.073800
1.846000
1.861700
1.370800
1.590200
1.198600
1.287100
1.288700
1.197200
1.434300
1.762800
1.139100
1.667500
1.085700
1.297700
1.529400
1.029000
1.657200
1.027400
1.938700
1.661900
1.586800
1.252400
1.947500
1.212900
1.246200
1.570900
1.641900
1.168600
1.755100
1.620800
1.371300
1.601800
1.077900
1.518900
1.967900
1.807100
1.583000
1.102800
1.797200
1.793300
1.043400
1.347800
1.462300
1.808800
1.421600
1.021300
1.507700
1.107400
1.937700
1.446900
1.516500
1.171600
1.474700
1.464500
1.246600
1.496100
1.809200
1.662000
1.968800
1.565400
1.284400
1.342600
1.940300
1.541100
1.634800
1.174600
1.349200
1.990300
1.941500
1.918000
1.784400
1.739400
1.268500
1.249000
1.549200
1.462700
1.786800
1.164800
1.057400
1.724900
1.126200
1.604800
1.201100
1.524300
1.840700
1.272000
1.791400
1.650800
1.704200
1.146500
1.160300
1.760000
1.874100
1.927100
1.303100
1.510400
1.055100
1.423000
1.501000
1.158700
1.341700
1.286600
1.197900
1.380600
1.045800
1.836500
1.612500
1.860600
1.017400
1.698700
1.040300
1.713500
1.305300
1.087800
1.239900
1.912800
1.650000
1.798200
1.565100
1.355700
1.559700
1.551900
1.882200
1.434500
1.479600
1.157800
1.712000
1.316400
1.378500
1.979800
1.859800
1.487500
1.269300
1.380300
1.229000
1.117500
1.981500
1.249100
1.142300
1.649000
1.022200
1.555800
1.363900
1.219200
1.929700
1.370000
1.697400
1.581300
1.054500
1.264500
1.702200
1.493500
1.580800
1.585000
1.692600
1.824600
1.538500
1.405900
1.905400
1.681300
1.386100
1.765900
1.932200
1.419700
1.009300
1.568500
1.525800
1.891500
1.581400
1.121100
1.077000
1.295600
1.078700
1.012800
1.840900
1.741700
1.022900
1.084000
1.324900
1.733700
1.566800
1.062100
1.988600
1.908600
1.374700
1.682500
1.733900
1.674000
1.849600
1.639900
1.356800
1.996600
1.222300
1.289500
1.418700
1.317500
1.617900
1.704400
1.008300
1.958800
1.957500
1.511400
1.257300
1.769900
1.938900
1.856000
1.512800
1.741200
1.397700
1.162200
1.476100
1.009800
1.238600
1.465000
1.210600
1.519500
1.904900
1.367100
1.126600
1.093400
1.764200
1.310200
1.751900
1.928900
1.357900
1.928100
1.112500
1.732400
1.633700
1.971600
1.691500
1.591600
1.485000
1.706100
1.362700
1.424400
1.189200
1.631600
1.920500
1.716700
1.984000
1.398900
1.440800
1.372700
1.619400
1.827400
1.647300
1.524800
1.949900
1.598500
1.133000
1.033100
1.663900
1.786600
1.644500
1.142700
1.117200
1.648700
1.510200
1.350500
1.049500
1.018600
1.695300
1.859000
1.661800
1.811700
1.285900
1.977300
1.444900
1.957600
1.248800
1.429200
1.359000
1.888700
1.554800
1.730100
1.716900
1.953600
1.257100
1.667100
1.553700
1.290900
1.383700
1.001100
1.827700
1.778800
1.745800
1.023700
1.429100
1.164300
1.645900
1.799800
1.196400
1.342700
1.659500
1.624700
1.903300
1.696200
1.602300
1.350600
1.003200
1.299100
1.529700
1.763000
1.935500
1.833500
1.494400
1.653600
1.787300
1.501300
1.185800
1.343100
1.541700
1.009500
1.115900
1.370400
1.980800
1.804800
1.146600
1.412300
1.113100
1.309900
1.958400
1.773300
1.400600
1.247000
1.156300
1.304500
1.317000
1.748500
1.402500
1.109700
1.794800
1.678500
1.481400
1.020500
1.512900
1.721900
1.386000
1.301400
1.194800
1.454700
1.089200
1.512500
1.184200
1.026800
1.628500
1.636200
1.997100
1.292400
1.040100
1.809500
1.347700
1.752300
1.583800
1.493000
1.373400
1.727900
1.542300
1.435000
1.477600
1.688800
1.894900
1.273500
1.368800
1.378600
1.746500
1.624800
1.842500
1.875700
1.669600
1.254600
1.332700
1.803200
1.326300
1.729600
1.994000
1.696300
1.367500
1.991100
1.731300
1.901600
1.801500
1.820900
1.185900
1.387200
1.316100
1.080900
1.855200
1.599100
1.945800
1.335100
1.289400
1.086800
1.017700
1.399200
1.960300
1.835500
1.763400
1.006000
1.711800
1.434600
1.616000
1.784600
1.975800
1.131900
1.515500
1.969900
1.380000
1.622500
1.961200
1.849000
1.164900
1.763500
1.091900
1.917200
1.889200
1.725700
1.688000
1.745100
1.326700
1.634200
1.818300
1.036000
1.476300
1.906000
1.145100
1.437000
1.742400
1.990400
1.976000
1.455600
1.427400
1.593700
1.177800
1.403600
1.006400
1.110900
1.136000
1.393900
1.850700
1.335600
1.977100
1.377500
1.230800
1.649400
1.295400
1.723300
1.047800
1.044200
1.469700
1.116200
1.353500
1.289000
1.528000
1.179300
1.927600
1.753400
1.042200
1.017500
1.161800
1.711500
1.860400
1.203700
1.307100
1.836000
1.138800
1.318600
1.172500
1.242000
1.445800
1.913300
1.487600
1.423300
1.293500
1.322100
1.804200
1.008900
1.083900
1.912900
1.082500
1.977800
1.353900
1.855900
1.066000
1.613100
1.422000
1.926900
1.367700
1.174100
1.211500
1.841400
1.600000
1.460700
1.111100
1.179700
1.223900
1.789000
1.687500
1.359700
1.937800
1.863100
1.273700
1.427700
1.158300
1.297500
1.479700
1.821100
1.190400
1.049700
1.734500
1.847200
1.961900
1.817400
1.703800
1.960900
1.183500
1.854100
1.061400
1.102400
1.741800
1.136200
1.183900
1.343700
1.677700
1.844000
1.708600
1.019600
1.634100
1.397600
1.790200
1.572300
1.008400
1.791200
1.726600
1.277900
1.815600
1.932400
1.823700
1.891200
1.180800
1.559500
1.739200
1.878600
1.377900
1.444400
1.839700
1.059100
1.299400
1.728400
1.788700
1.765000
1.942400
1.884400
1.833700
1.621600
1.729100
1.543600
1.260000
1.364900
1.665400
1.839100
1.660500
1.174800
1.170600
1.388500
1.129800
1.087700
1.321500
1.023800
1.340000
1.959000
1.759900
1.800700
1.838100
1.860500
1.242400
1.017000
1.398100
1.989400
1.408400
1.907300
1.755400
1.351400
1.068600
1.589900
1.693700
1.522700
1.854300
1.741600
1.609000
1.521200
1.581500
1.989300
1.072500
1.932600
1.077700
1.001500
1.383000
1.162400
1.745200
1.130100
1.382100
1.155800
1.962200
1.094900
1.260400
1.929800
1.618300
1.485100
1.919300
1.251200
1.393000
1.675800
1.816200
1.902400
1.116500
1.128000
1.427200
1.213000
1.065400
1.268300
1.058000
1.553100
1.742900
1.969800
1.486200
1.240000
1.519100
1.233600
1.980600
1.979900
1.075400
1.365500
1.488300
1.709400
1.217500
1.016600
1.639800
1.147300
1.180200
1.559600
1.385200
1.882400
1.950100
1.915300
1.785300
1.933700
1.428900
1.141300
1.773000
1.201400
1.263100
1.849800
1.666400
1.426400
1.819900
1.866700
1.285700
1.012000
1.455300
1.960700
1.279400
1.914700
1.003100
1.523300
1.625500
1.347400
1.063300
1.977500
1.697800
1.583200
1.539100
1.795900
1.466400
1.489700
1.711700
1.962600
1.424000
1.852700
1.179900
1.907500
1.193100
1.135500
1.758100
1.246300
1.712400
1.159500
1.499100
1.238000
1.014200
1.665300
1.202700
1.664300
1.580600
1.247600
1.897700
1.915600
1.751700
1.707300
1.893300
1.451000
1.999700
1.179800
1.955000
1.468500
1.186000
1.668100
1.042400
1.227100
1.521700
1.323000
1.674800
1.485700
1.605500
1.434100
1.825000
1.106200
1.720700
1.326400
1.224900
1.182700
1.011100
1.374300
1.725100
1.986200
1.774500
1.623500
1.902200
1.001700
1.332200
1.048400
1.685300
1.006500
1.937200
1.640700
1.507200
1.572400
1.310400
1.645000
1.340300
1.537800
1.674300
1.169200
1.729000
1.984600
1.148300
1.555000
1.307000
1.097400
1.586900
1.729900
1.210400
1.281900
1.809100
1.283200
1.213700
1.018900
1.694500
1.078000
1.815900
1.731200
1.675300
1.502700
1.157100
1.612900
1.222600
1.270700
1.888000
1.860000
1.624400
1.114300
1.399900
1.300300
1.652900
1.830400
1.985200
1.513300
1.387400
1.994800
1.796500
1.191700
1.726000
1.439100
1.291700
1.536200
1.508500
1.029900
1.821600
1.144800
1.520200
1.638400
1.635600
1.895300
1.841500
1.404400
1.510000
1.688200
1.087100
1.398700
1.197600
1.138100
1.331000
1.236500
1.706800
1.014600
1.480300
1.692200
1.895000
1.172600
1.048700
1.692400
1.940900
1.414600
1.830200
1.607700
1.648900
1.048100
1.946300
1.019400
1.132800
1.170900
1.011000
1.165100
1.364800
1.649300
1.182300
1.572000
1.339100
1.759700
1.668000
1.584900
1.467400
1.252300
1.094200
1.869600
1.104800
1.254500
1.563300
1.284600
1.675200
1.945400
1.663600
1.148700
1.020300
1.494800
1.919000
1.302700
1.531600
1.221200
1.872600
1.472500
1.135400
1.680600
1.744300
1.396600
1.331700
1.425600
1.091500
1.149800
1.053600
1.165000
1.643800
1.022100
1.721000
1.574000
1.090500
1.795200
1.119400
1.474600
1.765200
1.111700
1.420500
1.430400
1.107800
1.265000
1.617600
1.298300
1.873700
1.841100
1.451100
1.231100
1.261200
1.303200
1.249700
1.750800
1.568700
1.035400
1.867700
1.921400
1.509900
1.131000
1.944700
1.843700
1.785500
1.250500
1.238900
1.695400
1.463400
1.788800
1.200900
1.264100
1.835600
1.970200
1.350300
1.204500
1.449000
1.656600
1.775700
1.323500
1.498600
1.220000
1.758200
1.504100
1.398400
1.876000
1.160600
1.036100
1.331400
1.810400
1.577000
1.529200
1.129300
1.522200
1.373900
1.344900
1.875800
1.481200
1.276000
1.232600
1.955600
1.014300
1.943800
1.168300
1.557900
1.981000
1.980500
1.693300
1.639200
1.757300
1.041200
1.823500
1.673600
1.462900
1.330000
1.757900
1.339700
1.157500
1.414700
1.356900
1.766600
1.676200
1.570700
1.327000
1.037800
1.131300
1.357000
1.759300
1.795000
1.270000
1.312000
1.128400
1.356000
1.729700
1.544000
1.597100
1.711000
1.524900
1.972600
1.352000
1.964000
1.677400
1.856800
1.235300
1.205200
1.213900
1.314000
1.845400
1.825400
1.004800
1.884700
1.593300
1.290500
1.457500
1.602500
1.736100
1.767900
1.018400
1.496600
1.563900
1.409300
1.185000
1.994400
1.446600
1.692800
1.540600
1.723600
1.405200
1.745500
1.696400
1.437900
1.709800
1.375500
1.972700
1.007100
1.876400
1.843200
1.429000
1.722600
1.669500
1.104700
1.608000
1.941100
1.149000
1.744200
1.218400
1.129000
1.299900
1.864300
1.001400
1.754900
1.951700
1.331900
1.749500
1.400900
1.701300
1.967100
1.800800
1.784000
1.713800
1.498800
1.898900
1.425100
1.551500
1.871800
1.453200
1.428600
1.092400
1.558700
1.826300
1.387100
1.097100
1.436200
1.328700
1.096300
1.854800
1.549400
1.841600
1.370500
1.303900
1.886700
1.799200
1.366900
1.075200
1.550000
1.442800
1.596500
1.517500
1.051900
1.381800
1.904300
1.417500
1.952600
1.308700
1.642400
1.825100
1.459000
1.744500
1.542400
1.690400
1.571800
1.602800
1.529000
1.079700
1.604900
1.499800
1.536600
1.326500
1.342400
1.579800
1.913200
1.013800
1.380100
1.194300
1.257600
1.601400
1.275500
1.392100
1.789900
1.195600
1.445400
1.694700
1.403500
1.398500
1.698200
1.186200
1.892600
1.827500
1.098300
1.437200
1.244100
1.703000
1.007600
1.718000
1.172800
1.148600
1.887100
1.591400
1.314500
1.899100
1.110500
1.724100
1.798900
1.889000
1.676700
1.593500
1.198100
1.094300
1.654300
1.948900
1.143800
1.116600
1.645100
1.164200
1.834200
1.315100
1.515100
1.727400
1.838200
1.156500
1.831800
1.360000
1.348600
1.542600
1.743700
1.401300
1.122700
1.291600
1.658500
1.337600
1.531300
1.499200
1.050600
1.994500
1.388900
1.404900
1.281100
1.208200
1.811900
1.908500
1.496000
1.539800
1.677500
1.070500
1.338900
1.512700
1.815100
1.518300
1.118600
1.654200
1.216500
1.735900
1.678600
1.838500
1.941800
1.423700
1.903500
1.470200
1.717900
1.563700
1.471600
1.911900
1.264300
1.223800
1.906500
1.071500
1.927400
1.498400
1.986000
1.118300
1.407700
1.484500
1.203200
1.746100
1.949800
1.942500
1.076600
1.238700
1.463100
1.276400
1.421900
1.948200
1.561000
1.760400
1.787500
1.503300
1.844800
1.691600
1.633900
1.564100
1.914900
1.765500
1.476700
1.225200
1.626100
1.383900
1.147400
1.554000
1.132700
1.167000
1.330900
1.608600
1.017800
1.894100
1.356100
1.154100
1.836900
1.932500
1.923800
1.958200
1.757200
1.348400
1.049300
1.100300
1.765300
1.249600
1.315300
1.611000
1.279100
1.103600
1.266700
1.958500
1.538300
1.965100
1.602200
1.198500
1.319500
1.679600
1.158900
1.549600
1.219800
1.982600
1.813500
1.949000
1.877300
1.825700
1.452300
1.133500
1.758600
1.132200
1.673700
1.517100
1.380800
1.138200
1.045900
1.203600
1.283300
1.096000
1.412400
1.972900
1.401500
1.896600
1.299700
1.593400
1.862000
1.535700
1.414800
1.867800
1.867600
1.445200
1.065000
1.612100
1.428200
1.276100
1.032400
1.956200
1.711100
1.666500
1.672700
1.471000
1.695800
1.003600
1.206600
1.728900
1.292000
1.214100
1.529500
1.511000
1.414900
1.348900
1.015600
1.113800
1.490700
1.416400
1.268700
1.353700
1.321000
1.777000
1.870100
1.248500
1.205600
1.939900
1.245300
1.950400
1.294200
1.943100
1.906900
1.135300
1.611300
1.237300
1.160000
1.955100
1.579000
1.140600
1.295800
1.807700
1.260600
1.203300
1.966800
1.794700
1.458400
1.453500
1.910500
1.597000
1.518100
1.623400
1.598800
1.196100
1.401700
1.267600
1.885500
1.919200
1.410200
1.619300
1.870000
1.880300
1.562900
1.340100
1.420200
1.125000
1.360900
1.723200
1.775300
1.585400
1.176300
1.029800
1.394300
1.402200
1.228400
1.361500
1.840600
1.429800
1.147200
1.257500
1.204600
1.021600
1.377100
1.913700
1.213500
1.423500
1.243800
1.126700
1.297100
1.440600
1.205300
1.855300
1.962500
1.311700
1.330400
1.333000
1.567400
1.638500
1.750700
1.156900
1.866100
1.071900
1.313200
1.301500
1.466900
1.418200
1.165500
1.947900
1.490300
1.370100
1.700800
1.802200
1.359400
1.719800
1.716500
1.667200
1.136100
1.268600
1.587100
1.769500
1.825500
1.768000
1.196300
1.788400
1.515800
1.027300
1.814400
1.167200
1.215300
1.566500
1.707200
1.406400
1.628200
1.795700
1.946900
1.734300
1.853300
1.854600
1.034600
1.982400
1.863900
1.011600
1.785600
1.499700
1.742200
1.503600
1.076000
1.172400
1.349900
1.085100
1.934000
1.710800
1.108500
1.262000
1.500400
1.950600
1.461500
1.950300
1.674900
1.637600
1.081200
1.204800
1.329900
1.782900
1.362600
1.363200
1.518700
1.668500
1.194900
1.836200
1.651200
1.111000
1.857300
1.438100
1.366800
1.600800
1.576800
1.921500
1.030400
1.462000
1.950000
1.698100
1.806400
1.748800
1.893600
1.199700
1.225300
1.989100
1.041800
1.267400
1.257200
1.005100
1.035500
1.941900
1.827900
1.152000
1.233800
1.979300
1.510600
1.688700
1.113900
1.793700
1.059200
1.674500
1.324400
1.083300
1.353200
1.443300
1.708300
1.671800
1.184100
1.058900
1.049400
1.973600
1.026000
1.894600
1.914800
1.158800
1.013200
1.099500
1.090800
1.514400
1.266600
1.771500
1.456900
1.679500
1.612800
1.011200
1.659200
1.152600
1.265600
1.342800
1.137800
1.648100
1.779800
1.029200
1.091200
1.687300
1.201600
1.137100
1.086700
1.651500
1.432500
1.987500
1.625400
1.146200
1.882700
1.540800
1.232200
1.143200
1.974000
1.583700
1.190600
1.362000
1.981200
1.993200
1.043600
1.596000
1.291800
1.315900
1.974600
1.041500
1.187300
1.319300
1.903700
1.317700
1.564600
1.965600
1.988500
1.676300
1.738700
1.298200
1.952500
1.170700
1.963200
1.330500
1.013000
1.846500
1.745300
1.278200
1.615100
1.098100
1.936900
1.247300
1.546100
1.204300
1.232800
1.676900
1.516300
1.795100
1.470100
1.265200
1.427000
1.986900
1.639400
1.207900
1.664800
1.826800
1.917800
1.653500
1.504800
1.657900
1.115400
1.457800
1.456100
1.205100
1.659400
1.968600
1.440500
1.406200
1.699200
1.676800
1.746400
1.636600
1.822800
1.913400
1.555500
1.962000
1.592000
1.291500
1.291000
1.682900
1.027500
1.805900
1.670000
1.445900
1.313800
1.953900
1.891000
1.334000
1.207300
1.398300
1.953300
1.857500
1.066200
1.412200
1.452700
1.753500
1.350700
1.256900
1.778900
1.332000
1.304800
1.526700
1.952400
1.630700
1.246800
1.248400
1.145000
1.650300
1.819700
1.068500
1.176200
1.625300
1.295200
1.621500
1.688500
1.534100
1.575900
1.580300
1.826600
1.801300
1.595700
1.780300
1.210800
1.687900
1.298000
1.728700
1.328100
1.806800
1.319800
1.188500
1.375600
1.664900
1.299300
1.459600
1.167100
1.421400
1.183600
1.505300
1.685800
1.079100
1.473400
1.636100
1.644800
1.860800
1.871100
1.946500
1.142900
1.162500
1.528900
1.836100
1.862700
1.737700
1.617700
1.524200
1.427300
1.428000
1.864800
1.483300
1.299200
1.722500
1.930200
1.965000
1.998800
1.908200
1.190900
1.909400
1.369300
1.623900
1.417300
1.032200
1.183800
1.502400
1.876100
1.897000
1.294300
1.205000
1.843800
1.200100
1.808300
1.333100
1.818200
1.370900
1.148000
1.438000
1.806100
1.279800
1.476400
1.671700
1.853000
1.930500
1.224300
1.783700
1.895800
1.163300
1.692500
1.282100
1.911400
1.634900
1.558400
1.937600
1.872200
1.034900
1.144200
1.053100
1.047700
1.057700
1.498500
1.550300
1.388800
1.189000
1.533800
1.256500
1.586500
1.862200
1.867000
1.038600
1.295300
1.352900
1.196700
1.135200
1.116100
1.674400
1.866200
1.777700
1.676000
1.560400
1.207500
1.588000
1.800500
1.874500
1.526300
1.673400
1.084800
1.574600
1.290400
1.993000
1.595800
1.151800
1.545600
1.049600
1.441100
1.163500
1.421300
1.291100
1.547000
1.890600
1.376100
1.035300
1.271700
1.904400
1.854900
1.723400
1.580500
1.256300
1.391300
1.858800
1.885000
1.815000
1.093800
1.686600
1.690300
1.577800
1.162800
1.975100
1.095600
1.987800
1.968100
1.951400
1.517800
1.516100
1.052000
1.109600
1.397000
1.575000
1.086400
1.315500
1.466500
1.170100
1.356700
1.370600
1.056600
1.353800
1.631800
1.510800
1.067300
1.363500
1.967800
1.785700
1.550400
1.419800
1.474100
1.839300
1.596700
1.436100
1.814600
1.948700
1.246100
1.783000
1.900400
1.540900
1.897600
1.454800
1.699800
1.381000
1.627800
1.494100
1.647800
1.082200
1.517400
1.009400
1.271800
1.446100
1.548800
1.828500
1.554200
1.449700
1.564300
1.522500
1.194400
1.711200
1.362800
1.901500
1.325900
1.731900
1.365000
1.960600
1.681100
1.954600
1.744800
1.582200
1.497900
1.643100
1.632800
1.792100
1.936500
1.855000
1.881200
1.586300
1.058700
1.993100
1.554300
1.743200
1.442100
1.697300
1.572700
1.590300
1.243300
1.730600
1.706500
1.573100
1.443500
1.278700
1.475300
1.146000
1.286300
1.410000
1.206900
1.132900
1.352100
1.885600
1.430200
1.455800
1.530600
1.654800
1.179400
1.150500
1.255600
1.720600
1.171400
1.057100
1.166600
1.791100
1.177400
1.747700
1.490100
1.074600
1.928500
1.273300
1.880200
1.381300
1.984300
1.914500
1.476800
1.160500
1.504900
1.202800
1.463000
1.643900
1.095100
1.103800
1.154500
1.014400
1.464300
1.650200
1.139300
1.890500
1.363000
1.849200
1.136700
1.940700
1.502600
1.914100
1.732900
1.487900
1.011800
1.811200
1.301800
1.187100
1.633400
1.516700
1.298600
1.618000
1.431900
1.880100
1.667900
1.524000
1.521400
1.007000
1.754100
1.594300
1.723900
1.870700
1.687000
1.774700
1.522900
1.367300
1.162300
1.299800
1.056400
1.863700
1.039000
1.959500
1.185600
1.351800
1.450100
1.443600
1.885400
1.222500
1.620400
1.520800
1.771300
1.437500
1.722700
1.012100
1.402600
1.973800
1.393400
1.331200
1.693500
1.651300
1.601600
1.292800
1.523000
1.388600
1.007900
1.095200
1.217400
1.217700
1.019100
1.764700
1.274400
1.782700
1.724500
1.667800
1.855600
1.124700
1.292100
1.101200
1.251400
1.376200
1.208500
1.780700
1.306300
1.005300
1.006600
1.815200
1.131800
1.401800
1.820400
1.415200
1.289600
1.424300
1.815800
1.801000
1.873900
1.592800
1.432200
1.767000
1.306900
1.070400
1.533100
1.505400
1.264800
1.374800
1.019500
1.365800
1.594400
1.447100
1.994200
1.602700
1.919100
1.321600
1.012600
1.335000
1.103100
1.532600
1.650400
1.530500
1.577300
1.472100
1.922600
1.851700
1.474400
1.229700
1.653900
1.923600
1.908800
1.663400
1.691900
1.295500
1.020100
1.260800
1.282400
1.405000
1.301700
1.935800
1.299000
1.392000
1.958900
1.761900
1.110200
1.276900
1.602100
1.946800
1.005900
1.587900
1.482000
1.938400
1.055900
1.183000
1.051100
1.616400
1.486400
1.462500
1.029100
1.325500
1.070800
1.335400
1.950200
1.080300
1.939100
1.149300
1.220600
1.343800
1.122900
1.665500
1.031800
1.509500
1.475100
1.446400
1.842900
1.092200
1.895600
1.447300
1.978400
1.345300
1.606900
1.463200
1.208300
1.870900
1.305600
1.202500
1.489500
1.300800
1.569500
1.987400
1.441500
1.268000
1.826500
1.960200
1.749700
1.766100
1.061000
1.774800
1.006900
1.921600
1.442300
1.943600
1.433900
1.235700
1.097500
1.134000
1.221400
1.856100
1.001300
1.497700
1.469300
1.470700
1.530200
1.272900
1.041000
1.766000
1.691700
1.966400
1.493600
1.829100
1.382700
1.208600
1.924800
1.781500
1.464400
1.308100
1.070300
1.643400
1.014900
1.436500
1.184300
1.462100
1.079200
1.240600
1.227600
1.905000
1.976200
1.601900
1.427100
1.838600
1.416800
1.797400
1.109100
1.761700
1.950500
1.351100
1.314700
1.101500
1.751200
1.409500
1.039600
1.394600
1.656800
1.321700
1.017900
1.686100
1.061100
1.601700
1.893000
1.656300
1.195000
1.011400
1.054100
1.172300
1.591500
1.087500
1.453900
1.568100
1.340200
1.232500
1.400800
1.595200
1.576500
1.421200
1.235400
1.527600
1.629900
1.450200
1.733200
1.057500
1.600200
1.769700
1.649200
1.818100
1.731700
1.699400
1.506100
1.125100
1.006100
1.958300
1.068900
1.063100
1.316200
1.832800
1.058800
1.250700
1.354900
1.079800
1.191600
1.525000
1.178300
1.671000
1.031200
1.441400
1.012300
1.023300
1.593200
1.704900
1.204900
1.884500
1.647400
1.086000
1.655600
1.162900
1.224600
1.311800
1.556000
1.170000
1.877100
1.974300
1.134700
1.057000
1.003500
1.178900
1.858600
1.577700
1.323400
1.186600
1.725200
1.981300
1.540100
1.653000
1.209400
1.775900
1.064300
1.727000
1.930600
1.865000
1.987200
1.541500
1.750300
1.051200
1.863600
1.274100
1.492500
1.025400
1.265100
1.603700
1.371100
1.783800
1.026500
1.823400
1.808700
1.578000
1.968700
1.668200
1.709900
1.692900
1.680800
1.988200
1.674600
1.044700
1.126100
1.881800
1.552200
1.911500
1.610400
1.483500
1.777400
1.598000
1.578100
1.529300
1.786900
1.992600
1.326900
1.832100
1.998000
1.947100
1.987600
1.447600
1.132100
1.421500
1.449500
1.542200
1.422200
1.383600
1.761200
1.958100
1.044800
1.992300
1.946400
1.209600
1.768500
1.059700
1.803300
1.871000
1.504000
1.963600
1.079300
1.830300
1.048500
1.485400
1.151500
1.330700
1.064100
1.145800
1.732300
1.344700
1.897300
1.720100
1.684000
1.631100
1.137900
1.361400
1.722000
1.536800
1.415900
1.484700
1.120500
1.961300
1.209500
1.987700
1.219600
1.792400
1.221100
1.303600
1.291900
1.633300
1.367000
1.133100
1.464900
1.436600
1.602600
1.008100
1.224500
1.627900
1.156000
1.939500
1.444500
1.355300
1.661300
1.880400
1.315800
1.128200
1.598600
1.667400
1.582000
1.861100
1.697700
1.622900
1.381400
1.720300
1.610900
1.307300
1.514100
1.140300
1.149500
1.001000
1.914000
1.222900
1.358500
1.923100
1.894800
1.981700
1.842700
1.294500
1.611800
1.712900
1.325600
1.805600
1.481800
1.702400
1.686800
1.966200
1.744900
1.251000
1.273400
1.869000
1.092100
1.050900
1.494200
1.513700
1.081000
1.646500
1.760700
1.652300
1.198300
1.384100
1.914600
1.284500
1.829200
1.751500
1.762100
1.724700
1.733500
1.605900
1.341500
1.179500
1.858100
1.183400
1.692100
1.415500
1.567100
1.917900
1.218500
1.850500
1.746600
1.216200
1.445500
1.024900
1.028100
1.753700
1.037400
1.108100
1.183300
1.789300
1.115200
1.862600
1.274700
1.298100
1.702000
1.340600
1.333900
1.465700
1.239400
1.624200
1.159100
1.218700
1.232100
1.351700
1.382200
1.377000
1.883100
1.390500
1.224200
1.196000
1.759600
1.939000
1.124600
1.481700
1.913900
1.248300
1.770200
1.080600
1.443000
1.123800
1.105200
1.018100
1.572500
1.756500
1.503000
1.261800
1.233200
1.103500
1.065300
1.728300
1.551300
1.379500
1.669700
1.596100
1.954300
1.475600
1.349400
1.090700
1.915400
1.526900
1.570600
1.676500
1.997000
1.854400
1.236100
1.393800
1.193300
1.993300
1.852900
1.717000
1.703900
1.407900
1.181200
1.808400
1.296400
1.652800
1.618400
1.488600
1.578300
1.957800
1.747400
1.661000
1.910200
1.077800
1.418500
1.146900
1.954200
1.656400
1.704100
1.870200
1.126400
1.805000
1.223600
1.028400
1.660400
1.361900
1.623300
1.695700
1.203900
1.477300
1.063700
1.995300
1.592700
1.561100
1.153700
1.993600
1.088500
1.951600
1.485200
1.263700
1.065100
1.231700
1.133900
1.126300
1.708000
1.826700
1.686300
1.071200
1.485300
1.917000
1.395200
1.339800
1.402000
1.609700
1.962900
1.041900
1.904800
1.059800
1.056500
1.669300
1.473600
1.327200
1.387300
1.098600
1.227500
1.994300
1.705200
1.212000
1.946200
1.716400
1.366100
1.856500
1.279500
1.791000
1.678200
1.710200
1.618900
1.888500
1.896800
1.629200
1.392600
1.293000
1.308600
1.531100
1.567000
1.152800
1.383400
1.473900
1.953200
1.572800
1.014500
1.548300
1.411000
1.852400
1.036400
1.804700
1.846900
1.489100
1.056300
1.793500
1.727200
1.983700
1.651100
1.727800
1.776000
1.850600
1.379200
1.916300
1.739900
1.074700
1.547800
1.193400
1.811800
1.174700
1.599700
1.037000
1.787600
1.134500
1.893400
1.741300
1.199300
1.560500
1.809900
1.168700
1.026600
1.320700
1.627500
1.779100
1.456000
1.261400
1.074900
1.848200
1.422300
1.743900
1.148500
1.045200
1.595600
1.371000
1.533700
1.283800
1.354800
1.599900
1.918500
1.723500
1.080400
1.520700
1.624000
1.137400
1.601500
1.259100
1.282500
1.416500
1.596200
1.918400
1.026400
1.528200
1.514300
1.741400
1.138600
1.455500
1.597600
1.913100
1.996100
1.951200
1.046700
1.440000
1.570200
1.440900
1.119900
1.619700
1.623700
1.541000
1.112000
1.543000
1.778700
1.056000
1.402300
1.917100
1.461100
1.694900
1.368000
1.404300
1.346700
1.201300
1.672600
1.198800
1.591100
1.025200
1.233100
1.925900
1.847300
1.947200
1.839600
1.843600
1.898800
1.131200
1.059600
1.981600
1.781600
1.564800
1.447500
1.150600
1.283400
1.849500
1.187400
1.907700
1.646400
1.067900
1.075300
1.803900
1.290000
1.775800
1.559100
1.012500
1.835700
1.085000
1.835800
1.134600
1.952900
1.397300
1.005200
1.801200
1.621200
1.242300
1.251600
1.520900
1.347300
1.031600
1.502900
1.090100
1.653700
1.046900
1.922800
1.053800
1.322900
1.018700
1.689300
1.621300
1.451500
1.516000
1.276300
1.719200
1.333800
1.999500
1.448200
1.635800
1.743300
1.459700
1.573800
1.696700
1.275800
1.052600
1.499400
1.068300
1.649500
1.651900
1.637400
1.870500
1.737900
1.247200
1.875500
1.897400
1.023500
1.494600
1.050300
1.474000
1.695200
1.874200
1.096400
1.493400
1.182500
1.801800
1.176700
1.451600
1.801600
1.185700
1.836400
1.054800
1.653300
1.195100
1.152700
1.131400
1.858200
1.751000
1.752600
1.155400
1.207600
1.482200
1.286900
1.166000
1.487700
1.758800
1.544200
1.814200
1.491600
1.334600
1.314800
1.756400
1.437800
1.927900
1.140800
1.140500
1.731100
1.219300
1.252500
1.534000
1.637700
1.533500
1.582600
1.281000
1.004000
1.830000
1.253200
1.386900
1.582700
1.686700
1.818000
1.454900
1.580900
1.325100
1.494900
1.087600
1.959200
1.680400
1.492100
1.139200
1.905700
1.995200
1.776100
1.509800
1.425700
1.688900
1.508000
1.087000
1.173900
1.702100
1.689600
1.086900
1.273600
1.103300
1.906300
1.232000
1.373600
1.839200
1.147000
1.439000
1.527900
1.029700
1.083200
1.606500
1.301200
1.803400
1.728000
1.107300
1.980200
1.436800
1.254200
1.432600
1.090400
1.758400
1.893100
1.585700
1.015400
1.404200
1.737800
1.919900
1.267700
1.222100
1.539300
1.830900
1.308200
1.341600
1.193000
1.202200
1.779300
1.476900
1.968400
1.361100
1.175300
1.301300
1.903000
1.072900
1.099200
1.407400
1.175700
1.341400
1.407500
1.748100
1.805300
1.012200
1.390400
1.219700
1.119500
1.045100
1.597700
1.071000
1.862500
1.462800
1.386500
1.894500
1.230900
1.497100
1.834000
1.532700
1.667300
1.181100
1.074400
1.242800
1.907400
1.423400
1.452000
1.811100
1.487400
1.371400
1.934600
1.098700
1.625200
1.728200
1.031500
1.919700
1.306600
1.380200
1.620900
1.700700
1.572100
1.006700
1.168100
1.922700
1.889700
1.111200
1.502000
1.477100
1.519400
1.653200
1.925600
1.298800
1.756800
1.390800
1.251700
1.476600
1.121700
1.053900
1.479000
1.873100
1.763900
1.056700
1.754500
1.876500
1.628000
1.141500
1.377300
1.790100
1.347500
1.904700
1.977000
1.563400
1.615200
1.348800
1.970800
1.989600
1.448100
1.790000
1.327900
1.584200
1.326200
1.820000
1.241800
1.373700
1.762400
1.102200
1.837200
1.525500
1.419200
1.194100
1.882000
1.061800
1.429900
1.272100
1.726800
1.259700
1.163900
1.525200
1.603200
1.057200
1.489900
1.351000
1.373200
1.529800
1.993700
1.519300
1.519800
1.574500
1.231200
1.303400
1.342900
1.720900
1.716200
1.158600
1.890200
1.960000
1.453600
1.728600
1.439800
1.980900
1.410400
1.061200
1.098000
1.319200
1.317900
1.560000
1.415700
1.082800
1.566900
1.608400
1.206800
1.428800
1.382400
1.974400
1.269000
1.664000
1.974500
1.969100
1.150000
1.374900
1.471900
1.158000
1.967300
1.118900
1.448400
1.858300
1.278300
1.608100
1.588800
1.240800
1.589400
1.355200
1.840500
1.514900
1.787800
1.015800
1.407600
1.061700
1.155100
1.083600
1.081500
1.721200
1.352700
1.409800
1.220400
1.908900
1.329500
1.670900
1.298500
1.885700
1.186900
1.744100
1.727300
1.449100
1.379100
1.913000
1.741100
1.824100
1.997200
1.326100
1.010000
1.105700
1.133800
1.654700
1.086200
1.192200
1.940000
1.898100
1.511800
1.162700
1.880000
1.812500
1.518800
1.227800
1.033400
1.444800
1.250100
1.529100
1.754800
1.609500
1.146800
1.669800
1.256400
1.020000
1.552600
1.191400
1.216900
1.766200
1.927800
1.395700
1.573700
1.491900
1.441800
1.052300
1.460500
1.401200
1.428400
1.257700
1.246400
1.096800
1.383800
1.108900
1.816000
1.387600
1.623200
1.308300
1.008200
1.823900
1.410500
1.391700
1.328600
1.542900
1.356400
1.732100
1.440400
1.145500
1.424500
1.631000
1.679300
1.086300
1.391100
1.723100
1.973700
1.452400
1.441000
1.290100
1.711300
1.716300
1.654600
1.632600
1.176500
1.652400
1.260700
1.536300
1.306400
1.475200
1.658400
1.555200
1.392200
1.781000
1.270600
1.042100
1.509000
1.193600
1.922200
1.889300
1.571700
1.757600
1.270300
1.717700
1.986300
1.619200
1.402100
1.153100
1.212800
1.150100
1.154200
1.951800
1.078100
1.925300
1.587000
1.084200
1.580100
1.384400
1.926700
1.609400
1.945600
1.587500
1.630200
1.008800
1.832400
1.864500
1.105300
1.036700
1.039300
1.265300
1.977900
1.002100
1.634700
1.129600
1.743800
1.404700
1.284800
1.651600
1.582100
1.824500
1.241300
1.413900
1.776800
1.876800
1.524600
1.826900
1.801900
1.194700
1.251500
1.729400
1.105400
1.110400
1.779200
1.982100
1.952100
1.252700
1.215900
1.157000
1.700500
1.006300
1.781200
1.678900
1.860100
1.240300
1.644700
1.157300
1.242500
1.322000
1.339400
1.543800
1.084300
1.069400
1.542500
1.754700
1.260100
1.348300
1.523100
1.041400
1.131700
1.821200
1.142500
1.295700
1.152300
1.345700
1.130600
1.521900
1.483400
1.095700
1.417100
1.121900
1.920100
1.488200
1.456400
1.781300
1.979600
1.175800
1.845000
1.224400
1.070600
1.564900
1.304600
1.643300
1.158400
1.793200
1.854200
1.604000
1.878500
1.894000
1.423800
1.071100
1.041600
1.360500
1.539200
1.076500
1.730300
1.815400
1.366200
1.341900
1.397900
1.998500
1.947700
1.818900
1.443800
1.513400
1.504600
1.627400
1.326800
1.900200
1.521600
1.910800
1.048800
1.959400
1.556600
1.545700
1.416000
1.863300
1.851000
1.123300
1.302400
1.188000
1.324200
1.439600
1.672100
1.905900
1.651800
1.363700
1.243700
1.069300
1.616700
1.222000
1.393300
1.565000
1.891700
1.466000
1.833800
1.537400
1.283000
1.374400
1.377700
1.506000
1.057900
1.766900
1.940600
1.993800
1.561700
1.696500
1.858000
1.349000
1.780800
1.415300
1.189700
1.533900
1.479100
1.883800
1.196600
1.404800
1.150700
1.298700
1.881400
1.181300
1.802500
1.666800
1.271200
1.695100
1.257400
1.655500
1.641300
1.959600
1.542800
1.934900
1.031900
1.165700
1.016300
1.336200
1.709700
1.713600
1.094000
1.120000
1.120700
1.357200
1.634500
1.287200
1.360600
1.369000
1.417900
1.137700
1.723000
1.018500
1.647000
1.294000
1.662700
1.371500
1.718300
1.500300
1.328500
1.554500
1.585900
1.679000
1.675900
1.231500
1.614600
1.617300
1.920700
1.054400
1.277800
1.351600
1.072200
1.402800
1.646600
1.054300
1.088100
1.725500
1.277000
1.685100
1.798000
1.842800
1.046000
1.964100
1.699500
1.068800
1.296300
1.035000
1.585800
1.733400
1.004100
1.621000
1.891300
1.762900
1.265400
1.569600
1.114500
1.799400
1.166800
1.886200
1.564000
1.559400
1.960500
1.924400
1.165900
1.475700
1.867200
1.523400
1.405300
1.019800
1.371800
1.575500
1.511900
1.086500
1.105600
1.054000
1.313900
1.991000
1.379700
1.400000
1.726300
1.075500
1.231400
1.618700
1.764500
1.428500
1.628300
1.272200
1.070200
1.696800
1.148100
1.460600
1.708500
1.578200
1.065800
1.688400
1.626600
1.918900
1.561800
1.489600
1.955400
1.063000
1.363600
1.060300
1.693900
1.176000
1.857000
1.748300
1.320000
1.045000
1.828400
1.424600
1.294700
1.069900
1.430800
1.355600
1.410300
1.396000
1.617400
1.166900
1.804100
1.505200
1.216100
1.079400
1.219900
1.719700
1.426600
1.285800
1.394800
1.955700
1.294100
1.595500
1.176900
1.271900
1.865700
1.163000
1.707500
1.416200
1.604500
1.377400
1.084500
1.036500
1.003700
1.256700
1.188400
1.297900
1.847700
1.691000
1.663300
1.898300
1.181400
1.453100
1.571400
1.242900
1.464600
1.369900
1.017300
1.208900
1.867100
1.219400
1.231800
1.271500
1.591200
1.352200
1.557700
1.102000
1.327600
1.901100
1.404100
1.043100
1.864700
1.885200
1.789200
1.814000
1.480000
1.012700
1.134300
1.163600
1.746300
1.478200
1.439900
1.844400
1.796800
1.442400
1.616200
1.645400
1.714800
1.390300
1.990700
1.583100
1.029600
1.865800
1.897500
1.978100
1.025500
1.662100
1.866000
1.361600
1.378800
1.907100
1.474800
1.359100
1.048000
1.923900
1.264000
1.321300
1.976600
1.900500
1.764300
1.002000
1.234300
1.039200
1.073000
1.596600
1.810600
1.613600
1.125700
1.486700
1.113500
1.659600
1.406700
1.103400
1.949600
1.858900
1.939300
1.847500
1.477200
1.124800
1.173100
1.935900
1.094800
1.766500
1.792300
1.931200
1.158200
1.887300
1.469600
1.448300
1.277600
1.473200
1.816500
1.588500
1.972500
1.811300
1.609200
1.095000
1.848600
1.480100
1.736300
1.159400
1.192800
1.237200
1.033900
1.240500
1.977400
1.752700
1.501200
1.924000
1.980100
1.638800
1.280100
1.696600
1.330300
1.654400
1.531900
1.938600
1.400400
1.538100
1.495700
1.751800
1.228200
1.845500
1.055400
1.782100
1.534400
1.227200
1.228600
1.100900
1.018200
1.724400
1.778500
1.697600
1.841300
1.452900
1.850400
1.819100
1.575600
1.320800
1.538800
1.744700
1.463500
1.556300
1.339900
1.738300
1.338800
1.574700
1.337800
1.024600
1.951300
1.216600
1.809800
1.367900
1.419400
1.089500
1.026300
1.515900
1.435100
1.450500
1.192900
1.116300
1.128700
1.422800
1.808900
1.930400
1.081100
1.046600
1.318700
1.577200
1.245100
1.478700
1.686000
1.051700
1.200200
1.960100
1.992500
1.571600
1.867900
1.672500
1.478800
1.385000
1.792500
1.239700
1.040500
1.760200
1.881100
1.956900
1.803100
1.664400
1.904500
1.773100
1.140200
1.991900
1.064000
1.321800
1.262700
1.697200
1.657600
1.675700
1.637200
1.166700
1.447800
1.736000
1.211300
1.929300
1.502200
1.304000
1.954700
1.975300
1.288900
1.626300
1.300600
1.467300
1.929000
1.455100
1.147100
1.511500
1.749900
1.684800
1.443100
1.655400
1.868100
1.145200
1.647600
1.034800
1.207700
1.191100
1.911800
1.724300
1.166400
1.414200
1.212300
1.654500
1.067800
1.967200
1.991400
1.243600
1.798700
1.946600
1.251100
1.130500
1.981900
1.211900
1.192300
1.337000
1.777200
1.712800
1.724200
1.934800
1.553300
1.612000
1.252800
1.675000
1.238500
1.648400
1.886000
1.237500
1.186300
1.351500
1.017600
1.337100
1.758300
1.076200
1.753900
1.161100
1.144900
1.745600
1.553500
1.345500
1.239600
1.435400
1.259000
1.512400
1.834400
1.435900
1.202400
1.613500
1.107900
1.250200
1.951500
1.429300
1.402700
1.949700
1.318900
1.820100
1.050000
1.562400
1.969000
1.293200
1.196800
1.846100
1.729800
1.980300
1.141700
1.570000
1.843400
1.821800
1.634400
1.051300
1.396900
1.104600
1.765700
1.200000
1.808200
1.517600
1.378000
1.496700
1.618100
1.858700
1.159200
1.969600
1.910700
1.654000
1.919800
1.642600
1.874700
1.431300
1.456800
1.037100
1.000600
1.143700
1.138400
1.494000
1.860700
1.368500
1.975000
1.322600
1.099600
1.612300
1.620000
1.004300
1.364400
1.784900
1.133700
1.346900
1.187600
1.664600
1.749600
1.804400
1.921100
1.431200
1.385400
1.832500
1.721100
1.250600
1.422600
1.097000
1.618500
1.933500
1.838000
1.024000
1.266100
1.173800
1.663700
1.676600
1.868700
1.319900
1.507800
1.266500
1.204200
1.071700
1.791500
1.471800
1.977600
1.108700
1.133300
1.223400
1.077300
1.374600
1.376700
1.172200
1.946700
1.741900
1.533600
1.351300
1.603900
1.601300
1.082700
1.430900
1.856600
1.519700
1.547500
1.672800
1.178100
1.497600
1.098200
1.041100
1.911100
1.916800
1.055600
1.248700
1.247700
1.536000
1.525900
1.389700
1.340900
1.134100
1.051000
1.024800
1.122800
1.547700
1.215500
1.705700
1.241000
1.549700
1.768400
1.786000
1.115700
1.531500
1.275400
1.351900
1.719900
1.070100
1.466600
1.933400
1.722300
1.261500
1.628800
1.599400
1.188900
1.742000
1.300400
1.910000
1.342100
1.724000
1.437400
1.610300
1.294900
1.846800
1.822400
1.220800
1.288000
1.287800
1.843100
1.535900
1.975900
1.597300
1.793900
1.806500
1.338600
1.109400
1.336700
1.017100
1.556400
1.140100
1.112400
1.773200
1.425400
1.008700
1.796100
1.715600
1.487200
1.774200
1.114200
1.667700
1.614500
1.248600
1.369500
1.873200
1.853400
1.455400
1.623100
1.062300
1.234600
1.048200
1.024500
1.322700
1.032600
1.256200
1.406300
1.424700
1.910900
1.602900
1.526600
1.959300
1.226100
1.125300
1.091400
1.349100
1.141400
1.038400
1.398200
1.768100
1.690800
1.829800
1.553600
1.110700
1.835300
1.662200
1.267000
1.690100
1.210000
1.285300
1.978800
1.247100
1.694100
1.567800
1.920300
1.093600
1.228000
1.822700
1.265500
1.895700
1.397500
1.184000
1.556100
1.189300
1.574900
1.544900
1.897900
1.004600
1.528800
1.717500
1.759800
1.391000
1.529600
1.077500
1.076700
1.563200
1.362200
1.024400
1.262300
1.255700
1.522400
1.814700
1.924100
1.358000
1.274800
1.193900
1.606000
1.050800
1.313500
1.968200
1.004500
1.252000
1.956100
1.003900
1.498000
1.210200
1.795600
1.268400
1.802700
1.021900
1.073700
1.551600
1.412900
1.072100
1.344100
1.456500
1.902000
1.905800
1.695600
1.739000
1.551100
1.300900
1.930300
1.081800
1.719300
1.641100
1.771800
1.579900
1.493200
1.052500
1.233400
1.678300
1.431000
1.241700
1.444600
1.393600
1.810900
1.370300
1.505500
1.523700
1.085600
1.636400
1.237000
1.621700
1.546500
1.016500
1.694200
1.159300
1.624900
1.213300
1.389500
1.739700
1.810000
1.028300
1.036800
1.015700
1.269800
1.811000
1.463700
1.819500
1.532500
1.643500
1.417000
1.083100
1.640500
1.603400
1.923500
1.412500
1.797300
1.046800
1.505000
1.903800
1.738200
1.334300
1.219500
1.407800
1.304400
1.225000
1.268200
1.024200
1.395500
1.072600
1.798500
1.212100
1.807400
1.492000
1.363400
1.234100
1.648500
1.921800
1.241200
1.650900
1.200500
1.064800
1.877900
1.947400
1.208000
1.508100
1.078300
1.063400
1.404000
1.953800
1.226400
1.641000
1.699100
1.474900
1.889900
1.646100
1.921700
1.269600
1.702700
1.076400
1.630100
1.497200
1.827800
1.713000
1.245900
1.026700
1.992000
1.277100
1.698000
1.468300
1.566200
1.999800
1.027600
1.985600
1.501400
1.796200
1.789500
1.611200
1.689800
1.431600
1.381100
1.583500
1.698900
1.438800
1.087200
1.383200
1.528600
1.623000
1.614300
1.823100
1.753800
1.678100
1.233900
1.270800
1.156200
1.385500
1.175200
1.748600
1.852100
1.785900
1.261900
1.460800
1.785800
1.434200
1.943900
1.627000
1.511700
1.511600
1.060200
1.760100
1.366000
1.237800
1.974900
1.428300
1.965400
1.060400
1.384300
1.635900
1.263400
1.941400
1.907000
1.611700
1.593800
1.087400
1.359500
1.740200
1.385700
1.773400
1.850200
1.006200
1.544400
1.608300
1.900100
1.050100
1.423900
1.844600
1.802900
1.236700
1.940400
1.471100
1.203500
1.453400
1.844300
1.165300
1.943500
1.810200
1.784800
1.751400
1.892100
1.771200
1.419000
1.800000
1.515300
1.004700
1.763100
1.506900
1.374200
1.492900
1.032800
1.236800
1.335800
1.972100
1.637300
1.694400
1.504500
1.995000
1.081900
1.149900
1.490400
1.234400
1.375300
1.421700
1.926300
1.671400
1.394100
1.870300
1.074000
1.218600
1.562200
1.730900
1.155200
1.674200
1.245700
1.445600
1.706600
1.495900
1.999200
1.836800
1.857400
1.306200
1.628900
1.652500
1.607100
1.853100
1.702300
1.574800
1.848300
1.530400
1.531800
1.871300
1.314400
1.196200
1.688300
1.128500
1.757400
1.007300
1.394400
1.360700
1.705000
1.918200
1.681200
1.909000
1.946100
1.919600
1.146700
1.655300
1.468100
1.986400
1.843900
1.783600
1.686400
1.665200
1.046100
1.033800
1.130700
1.038500
1.321400
1.494500
1.120400
1.448800
1.027200
1.936100
1.648600
1.098500
1.655700
1.865500
1.542000
1.944600
1.813900
1.313000
1.117400
1.845900
1.924300
1.333400
1.766400
1.911600
1.016700
1.510100
1.569700
1.113300
1.102300
1.934400
1.118100
1.088700
1.417600
1.378400
1.039500
1.763800
1.961800
1.245200
1.787400
1.338400
1.887400
1.355900
1.123000
1.550600
1.018800
1.108800
1.106700
1.920200
1.857700
1.464800
1.426800
1.159600
1.255200
1.562000
1.695500
1.378700
1.603000
1.171500
1.685700
1.746000
1.874000
1.709300
1.590900
1.866800
1.412800
1.067700
1.613200
1.611900
1.812400
1.309600
1.364300
1.701100
1.659100
1.100200
1.632200
1.643600
1.209100
1.104100
1.117800
1.745400
1.197500
1.363300
1.871900
1.681600
1.677600
1.532300
1.304900
1.311000
1.403400
1.450800
1.272400
1.088900
1.121500
1.739600
1.934700
1.060500
1.942300
1.088200
1.359900
1.467700
1.678400
1.324100
1.799900
1.680200
1.478900
1.736900
1.576700
1.143900
1.852800
1.810800
1.276200
1.629100
1.947000
1.258700
1.156100
1.965700
1.395400
1.560200
1.176400
1.791800
1.416900
1.568600
1.313600
1.085900
1.675600
1.309700
1.594900
1.088400
1.082100
1.001900
1.714400
1.059900
1.798100
1.661200
1.743400
1.249300
1.928300
1.053200
1.075800
1.187500
1.679100
1.441600
1.226600
1.379900
1.888900
1.369800
1.928400
1.829000
1.555900
1.169000
1.242600
1.161600
1.769100
1.817000
1.670700
1.479800
1.390600
1.683000
1.584100
1.119200
1.346300
1.324500
1.715500
1.813200
1.976800
1.264900
1.014000
1.528300
1.473500
1.278500
1.690600
1.019900
1.229900
1.822100
1.358400
1.921200
1.223300
1.901700
1.244800
1.148800
1.666200
1.710100
1.238300
1.310500
1.860300
1.974100
1.155300
1.555300
1.990900
1.589300
1.633200
1.316800
1.077400
1.084700
1.583300
1.796300
1.309800
1.942100
1.703200
1.520600
1.270100
1.307800
1.528700
1.118400
1.879800
1.950900
1.732600
1.869900
1.214400
1.422100
1.023900
1.923000
1.367200
1.282600
1.599800
1.522600
1.361300
1.328000
1.085400
1.472700
1.359800
1.284200
1.096600
1.185200
1.119600
1.447000
1.278100
1.063200
1.613300
1.071600
1.078600
1.387700
1.786200
1.498700
1.726900
1.221900
1.702600
1.788300
1.329600
1.883700
1.179000
1.968000
1.807600
1.642200
1.614700
1.155700
1.590000
1.763300
1.022800
1.473100
1.802000
1.492700
1.305200
1.433300
1.516800
1.485900
1.153200
1.166100
1.292900
1.064200
1.686200
1.181800
1.757700
1.558800
1.561300
1.034200
1.254400
1.476200
1.575100
1.980700
1.648300
1.481300
1.603100
1.863500
1.212700
1.989500
1.251900
1.642700
1.244500
1.717400
1.830600
1.880900
1.013900
1.301000
1.480400
1.997300
1.167300
1.007800
1.328300
1.527200
1.513800
1.133600
1.704800
1.104000
1.438900
1.545000
1.818600
1.601200
1.316300
1.220200
1.855700
1.124200
1.920900
1.805400
1.931500
1.632900
1.053000
1.441300
1.704600
1.871700
1.046400
1.298900
1.375700
1.805800
1.192600
1.802100
1.626800
1.610700
1.883400
1.005800
1.069000
1.031400
1.473300
1.531400
1.470900
1.515400
1.604600
1.250300
1.182900
1.851200
1.699600
1.847000
1.047900
1.937900
1.970600
1.849700
1.565300
1.003800
1.614200
1.566400
1.956700
1.924700
1.712300
1.713100
1.442900
1.583900
1.296700
1.647500
1.309500
1.621900
1.536700
1.418300
1.254000
1.481000
1.687100
1.373000
1.089000
1.092800
1.930100
1.509100
1.565200
1.630600
1.339600
1.925700
1.399800
1.396200
1.777100
1.718400
1.151900
1.548500
1.118700
1.633800
1.460000
1.223100
1.453300
1.167600
1.479200
1.053700
1.787100
1.995800
1.671300
1.233700
1.271100
1.493800
1.383500
1.500800
1.062000
1.375100
1.241400
1.879900
1.286400
1.192400
1.827000
1.512600
1.447700
1.713300
1.202300
1.615500
1.078500
1.216400
1.833200
1.454600
1.334900
1.719500
1.010800
1.637900
1.160200
1.813300
1.234200
1.751300
1.468200
1.281700
1.776300
1.338200
1.943400
1.291300
1.058200
1.438600
1.816300
1.391900
1.774300
1.932100
1.333600
1.258000
1.171000
1.193500
1.933800
1.435600
1.354100
1.400700
1.411500
1.949300
1.396300
1.484800
1.538400
1.792700
1.147900
1.545400
1.466800
1.343200
1.635300
1.725300
1.728100
1.258400
1.847800
1.241900
1.847100
1.205400
1.871600
1.022000
1.441700
1.952800
1.169900
1.012400
1.864400
1.863400
1.733800
1.102500
1.338700
1.847400
1.253400
1.605300
1.436900
1.610800
1.949100
1.491500
1.279200
1.023000
1.485800
1.016400
1.005000
1.134900
1.336600
1.957300
1.800200
1.915500
1.935100
1.679200
1.097700
1.808100
1.271400
1.851600
1.437100
1.179100
1.954900
1.002600
1.073500
1.992400
1.274500
1.546800
1.302000
1.346100
1.637100
1.132400
1.843500
1.119300
1.112600
1.963500
1.456600
1.553000
1.271000
1.320900
1.759200
1.537700
1.259600
1.345400
1.468400
1.211600
1.592600
1.680100
1.864000
1.735000
1.505600
1.136800
1.861000
1.981800
1.856300
1.151400
1.632300
1.225500
1.191500
1.817500
1.332800
1.313300
1.411700
1.851900
1.490200
1.164600
1.121800
1.718700
1.680000
1.002800
1.109900
1.253800
1.879100
1.995100
1.276800
1.668800
1.385900
1.069100
1.736500
1.627600
1.057800
1.578700
1.660800
1.322400
1.377800
1.589100
1.181600
1.720200
1.253900
1.780200
1.409100
1.889500
1.126800
1.891100
1.408300
1.864600
1.966900
1.855100
1.527800
1.342000
1.098900
1.307400
1.959100
1.846300
1.135800
1.260200
1.708200
1.482900
1.845300
1.340500
1.454400
1.388100
1.620300
1.671200
1.467000
1.461700
1.552900
1.312300
1.615600
1.642300
1.740900
1.981100
1.389400
1.543300
1.873400
1.647900
1.204400
1.840800
1.253600
1.859700
1.028900
1.774600
1.415400
1.255900
1.108600
1.621100
1.875100
1.704500
1.595400
1.392400
1.334100
1.775400
1.137300
1.296600
1.643700
1.689400
1.323100
1.570100
1.338100
1.013400
1.793800
1.458700
1.713200
1.997600
1.110800
1.876200
1.597900
1.308900
1.208800
1.043900
1.368300
1.411800
1.238100
1.949200
1.331100
1.121000
1.909200
1.974200
1.688600
1.963100
1.131500
1.887600
1.741000
1.647100
1.503400
1.948000
1.827300
1.530900
1.720400
1.527000
1.821400
1.681900
1.456200
1.823000
1.115500
1.496400
1.635500
1.750400
1.583400
1.236000
1.797800
1.021800
1.570400
1.908700
1.715300
1.597800
1.613900
1.646700
1.604300
1.477900
1.466100
1.978900
1.764000
1.935200
1.500500
1.245500
1.607000
1.172000
1.021100
1.540400
1.699000
1.630500
1.575400
1.471300
1.008500
1.593600
1.834700
1.234000
1.813800
1.134200
1.966300
1.160900
1.237900
1.888600
1.505100
1.410900
1.615900
1.584500
1.150300
1.189900
1.520400
1.243100
1.879000
1.212200
1.535000
1.877000
1.481100
1.957200
1.495400
1.225600
1.848500
1.977700
1.109200
1.576300
1.936000
1.104900
1.885900
1.772700
1.647200
1.411100
1.142100
1.786400
1.453700
1.264700
1.465400
1.532800
1.238400
1.862400
1.593900
1.503900
1.263900
1.881700
1.066600
1.709600
1.280400
1.028000
1.799700
1.324000
1.450900
1.286500
1.300500
1.561400
1.764100
1.636300
1.970900
1.566700
1.590500
1.430000
1.257900
1.282800
1.839000
1.964700
1.541200
1.317800
1.869700
1.303300
1.567700
1.776400
1.409700
1.084100
1.905600
1.995600
1.822300
1.177700
1.379800
1.925100
1.538000
1.215600
1.945900
1.969300
1.129200
1.465500
1.117900
1.152500
1.795300
1.809600
1.468900
1.771100
1.558300
1.295900
1.355800
1.144500
1.792900
1.693800
1.469800
1.353600
1.796400
1.091100
1.986800
1.034100
1.944400
1.039800
1.199200
1.768800
1.788600
1.464200
1.965900
1.274600
1.177900
1.912500
1.982200
1.073600
1.274300
1.692000
1.628700
1.020900
1.904000
1.533200
1.965200
1.149200
1.982000
1.366500
1.058600
1.777300
1.788500
1.438200
1.983300
1.720800
1.454200
1.125400
1.706400
1.899600
1.865100
1.899500
1.558500
1.924200
1.338000
1.725600
1.936800
1.372300
1.819300
1.358700
1.499500
1.557800
1.336000
1.504700
1.865300
1.915900
1.229300
1.111600
1.311600
1.488000
1.239000
1.493300
1.752400
1.636900
1.885100
1.579600
1.164500
1.615400
1.010600
1.127800
1.482300
1.839500
1.352600
1.509300
1.733600
1.016200
1.429500
1.325200
1.578500
1.732000
1.887500
1.777900
1.613800
1.898200
1.550700
1.749400
1.815300
1.470800
1.846200
1.407200
1.846700
1.344600
1.781800
1.731800
1.612400
1.120100
1.867300
1.814300
1.232700
1.394700
1.705800
1.224700
1.495300
1.425200
1.280500
1.720500
1.900600
1.844500
1.388200
1.916900
1.182200
1.132000
1.958600
1.306000
1.990600
1.261000
1.942700
1.698300
1.216300
1.150800
1.916700
1.213800
1.465600
1.550200
1.134800
1.327700
1.893200
1.063900
1.875400
1.627100
1.063800
1.923700
1.970700
1.318800
1.260300
1.262200
1.500200
1.060800
1.806700
1.358100
1.925800
1.175600
1.876600
1.177500
1.366300
1.867500
1.171700
1.055500
1.253000
1.138900
1.356300
1.735400
1.124500
1.292700
1.308400
1.455200
1.906600
1.460100
1.011700
1.650100
1.149400
1.712500
1.288600
1.469400
1.887800
1.662800
1.100000
1.677900
1.821900
1.114100
1.778300
1.117000
1.062500
1.652700
1.890400
1.446000
1.493700
1.389600
1.772000
1.620500
1.014100
1.066900
1.562600
1.305800
1.464700
1.547200
1.546400
1.316600
1.042700
1.530800
1.181700
1.762300
1.760600
1.473000
1.884100
1.902800
1.377600
1.967000
1.689100
1.256600
1.701800
1.488900
1.348500
1.863000
1.838800
1.522800
1.476000
1.032500
1.996500
1.931000
1.283700
1.589500
1.260500
1.926400
1.590700
1.508400
1.068000
1.447400
1.046300
1.139400
1.368900
1.705600
1.344500
1.490500
1.002900
1.691200
1.482700
1.102700
1.161200
1.124900
1.040700
1.411200
1.088800
1.101400
1.362300
1.181900
1.293700
1.147600
1.857200
1.859200
1.400200
1.633100
1.198400
1.209900
1.617500
1.950800
1.771000
1.588300
1.133400
1.379000
1.025000
1.032900
1.600400
1.552300
1.928700
1.574300
1.610000
1.999100
1.794400
1.274200
1.964600
1.628400
1.937000
1.560600
1.342500
1.973900
1.145900
1.923200
1.508900
1.944500
1.167700
1.255800
1.325700
1.491700
1.381200
1.037700
1.031700
1.109000
1.258900
1.122200
1.314300
1.885800
1.806000
1.996200
1.562500
1.561200
1.984400
1.177600
1.978700
1.781400
1.350100
1.943700
1.186800
1.343900
1.803600
1.902600
1.520100
1.888300
1.423200
1.427800
1.230600
1.107700
1.178600
1.685900
1.258600
1.756600
1.310700
1.019200
1.906400
1.215000
1.817200
1.611500
1.675500
1.656700
1.063500
1.446500
1.468000
1.386600
1.584800
1.826000
1.757800
1.363100
1.504300
1.625800
1.149700
1.082300
1.824000
1.772800
1.577400
1.892800
1.623800
1.498100
1.990200
1.190200
1.711900
1.525400
1.130900
1.356200
1.130400
1.996700
1.231600
1.750200
1.031300
1.861800
1.707600
1.521300
1.092700
1.865400
1.642000
1.762200
1.748700
1.298400
1.065500
1.941700
1.934500
1.755500
1.746700
1.026100
1.507500
1.056100
1.891600
1.010100
1.606600
1.882100
1.853700
1.963300
1.636700
1.120600
1.715400
1.480600
1.656100
1.028200
1.954100
1.362100
1.652000
1.390900
1.619900
1.534700
1.061500
1.837000
1.318200
1.770000
1.372100
1.820200
1.735100
1.420900
1.701900
1.738000
1.325400
1.535100
1.048600
1.910400
1.316500
1.855800
1.191900
1.394500
1.288200
1.484900
1.933900
1.099100
1.111500
1.759000
1.742700
1.360400
1.703700
1.266900
1.206700
1.774100
1.433700
1.652100
1.342200
1.300100
1.302800
1.928600
1.680500
1.971800
1.948400
1.866300
1.465900
1.573400
1.545300
1.200600
1.877400
1.923300
1.583600
1.648000
1.442500
1.097900
1.164100
1.704300
1.025700
1.235200
1.043700
1.693600
1.684600
1.832900
1.103900
1.663000
1.410600
1.105900
1.405400
1.458600
1.809700
1.337200
1.685600
1.923400
1.169500
1.401600
1.791700
1.097600
1.986600
1.205700
1.591300
1.573900
1.505700
1.199400
1.998200
1.419900
1.884200
1.140700
1.221000
1.474300
1.336400
1.911700
1.755300
1.910600
1.734600
1.725400
1.047400
1.813700
1.344300
1.336300
1.277700
1.263300
1.944900
1.715000
1.193200
1.143100
1.364700
1.381500
1.553400
1.710400
1.584600
1.389300
1.899300
1.000300
1.682100
1.292200
1.318400
1.886500
1.598300
1.975700
1.585200
1.006800
1.249900
1.110000
1.640100
1.004900
1.552500
1.917700
1.752800
1.085200
1.258300
1.620200
1.176100
1.586400
1.507000
1.267100
1.207100
1.190100
1.040000
1.436400
1.956000
1.813100
1.607800
1.672200
1.286800
1.456700
1.717800
1.670300
1.236600
1.168800
1.577900
1.633600
1.794100
1.834600
1.248900
1.062400
1.918100
1.546300
1.495000
1.559200
1.652200
1.641500
1.103700
1.271600
1.553800
1.331600
1.042900
1.460400
1.671500
1.022300
1.532100
1.128300
1.266000
1.700100
1.093100
1.009700
1.704700
1.164400
1.556500
1.932900
1.918600
1.180100
1.416100
1.201500
1.368400
1.004400
1.327500
1.483100
1.504400
1.191000
1.213100
1.538200
1.659300
1.966500
1.902900
1.541300
1.319600
1.443900
1.419300
1.757500
1.318100
1.740800
1.984800
1.899400
1.160100
1.232400
1.329800
1.892900
1.640300
1.937100
1.535500
1.796600
1.322800
1.868000
1.944000
1.539600
1.565900
1.835200
1.917500
1.740400
1.818500
1.149600
1.881600
1.701500
1.143000
1.998600
1.049000
1.739800
1.235500
1.515000
1.560100
1.668300
1.226700
1.296900
1.805500
1.284700
1.710600
1.712600
1.677100
1.825200
1.475500
1.471200
1.301100
1.988900
1.626700
1.644600
1.014700
1.735600
1.449400
1.457300
1.493100
1.030900
1.534300
1.030100
1.763700
1.083800
1.624100
1.063600
1.364000
1.451900
1.168000
1.705400
1.539900
1.568300
1.776700
1.141000
1.807300
1.834100
1.571500
1.646300
1.016900
1.541400
1.961600
1.328400
1.560700
1.390200
1.908100
1.237600
1.884800
1.161400
1.160400
1.425500
1.596300
1.358200
1.410100
1.598200
1.507100
1.714200
1.223000
1.009000
1.607400
1.491800
1.789600
1.669200
1.524100
1.972800
1.837300
1.358300
1.424900
1.466700
1.985500
1.181000
1.458000
1.947800
1.479900
1.137500
1.879200
1.918800
1.911300
1.970000
1.080200
1.694300
1.666900
1.883300
1.645700
1.447200
1.461300
1.446700
1.386300
1.115800
1.488800
1.994100
1.747900
1.872800
1.349800
1.519900
1.578600
1.099400
1.353100
1.575700
1.973400
1.661500
1.324700
1.819600
1.877700
1.534500
1.958700
1.536100
1.437700
1.195700
1.930800
1.951100
1.457700
1.390000
1.836300
1.503200
1.075700
1.571900
1.469100
1.478100
1.604700
1.830700
1.657700
1.027900
1.905300
1.278900
1.271300
1.070000
1.254700
1.431100
1.209200
1.306100
1.094700
1.408000
1.890800
1.879600
1.197400
1.093900
1.357600
1.027700
1.535200
1.428700
1.311200
1.382800
1.389000
1.255300
1.526000
1.526400
1.353400
1.600700
1.600100
1.859300
1.248000
1.376900
1.144100
1.164700
1.453000
1.792800
1.648200
1.008000
1.119000
1.721800
1.313100
1.775000
1.032100
1.104400
1.496200
1.136300
1.213600
1.510500
1.225400
1.632000
1.845600
1.714100
1.662900
1.642900
1.446300
1.157700
1.306800
1.355100
1.170500
1.039100
1.892000
1.649800
1.501900
1.474500
1.761300
1.093500
1.251300
1.889800
1.840000
1.884600
1.667000
1.614400
1.277200
1.665800
1.480200
1.416300
1.329400
1.443700
1.103200
1.372500
1.463900
1.979100
1.106400
1.842000
1.354700
1.609800
1.413400
1.673300
1.594200
1.157900
1.791300
1.382900
1.320500
1.538600
1.187000
1.311400
1.811400
1.771400
1.199100
1.329000
1.833400
1.912100
1.945300
1.421000
1.915200
1.260900
1.492600
1.643000
1.348700
1.012900
1.781100
1.272500
1.506500
1.115600
1.315400
1.470000
1.366400
1.203000
1.848700
1.206300
1.401900
1.292600
1.723700
1.002200
1.105500
1.736200
1.755700
1.349300
1.180600
1.887000
1.293300
1.052400
1.431700
1.200400
1.240900
1.095900
1.858400
1.023400
1.619600
1.194600
1.557400
1.840200
1.484300
1.497800
1.505800
1.195800
1.814800
1.982800
1.544700
1.182100
1.076100
1.769400
1.737300
1.106800
1.829700
1.119100
1.635100
1.403200
1.853800
1.518600
1.235000
1.323800
1.226300
1.778200
1.975200
1.670500
1.600600
1.326600
1.230500
1.466300
1.214600
1.809000
1.287500
1.787000
1.279000
1.229100
1.783900
1.606700
1.527100
1.270400
1.020800
1.147700
1.695000
1.114600
1.886800
1.861300
1.590400
1.888400
1.994900
1.603300
1.290700
1.513900
1.934100
1.043000
1.096100
1.475900
1.065700
1.778600
1.681700
1.929100
1.853500
1.747600
1.494700
1.551000
1.100800
1.285200
1.322500
1.626400
1.741500
1.945000
1.794000
1.678000
1.381600
1.755600
1.835100
1.734100
1.569400
1.551800
1.689500
1.843000
1.263600
1.780000
1.664500
1.896500
1.911000
1.073300
1.985300
1.210900
1.613000
1.426200
1.544500
1.712100
1.707700
1.360800
1.297600
1.141900
1.249500
1.301600
1.938000
1.155000
1.382300
1.510300
1.828700
1.313400
1.767200
1.842300
1.136400
1.904600
1.649600
1.292300
1.435200
1.187900
1.414000
1.964300
1.812200
1.355400
1.420000
1.644400
1.973300
1.878700
1.536900
1.929900
1.337400
1.070900
1.489000
1.351200
1.081700
1.661100
1.748200
1.525300
1.221600
1.851100
1.625100
1.290200
1.545100
1.859100
1.768900
1.152200
1.227400
1.296500
1.135000
1.503500
1.648800
1.073100
1.829600
1.253500
1.325300
1.116000
1.668600
1.050500
1.239200
1.304100
1.021500
1.062700
1.106500
1.584000
1.964400
1.238200
1.798400
1.976100
1.312600
1.292500
1.999600
1.436700
1.845100
1.939400
1.320100
1.847900
1.420300
1.113200
1.838300
1.007500
1.275900
1.294800
1.637000
1.603500
1.386200
1.860200
1.623600
1.372400
1.548100
1.160700
1.807500
1.398000
1.544800
1.806300
1.768300
1.086100
1.449200
1.949400
1.698400
1.132300
1.155500
1.297400
1.170800
1.451700
1.742800
1.480800
1.714900
1.592100
1.739100
1.801700
1.242200
1.151700
1.538700
1.368600
1.463600
1.877600
1.969400
1.461000
1.530100
1.069600
1.186100
1.326000
1.822600
1.074200
1.526500
1.756300
1.812100
1.055300
1.581000
1.433400
1.112700
1.817700
1.437300
1.332900
1.677000
1.799000
1.524500
1.400100
1.894700
1.595000
1.926200
1.873500
1.430600
1.282000
1.978500
1.524400
1.150400
1.185100
1.713400
1.861400
1.653100
1.908300
1.182000
1.391500
1.605400
1.602000
1.810700
1.330600
1.312400
1.816700
1.817900
1.272600
1.879500
1.490600
1.926500
1.814100
1.891400
1.868400
1.772400
1.948100
1.136900
1.660000
1.537500
1.881500
1.996000
1.453800
1.083500
1.116700
1.912300
1.221700
1.594600
1.574200
1.988700
1.255000
1.731400
1.132600
1.315200
1.992100
1.446200
1.901300
1.381700
1.346000
1.450400
1.757000
1.635000
1.218300
1.685000
1.551400
1.434800
1.622700
1.408200
1.365100
1.115100
1.564500
1.898700
1.010700
1.772100
1.878000
1.226900
1.537100
1.068700
1.674700
1.698500
1.093200
1.956800
1.458500
1.165800
1.990100
1.043800
1.570800
1.291400
1.396500
1.283500
1.697000
1.234500
1.125200
1.305500
1.052700
1.927000
1.619500
1.598900
1.467600
1.834500
1.770600
1.937400
1.996900
1.019000
1.001200
1.341300
1.930000
1.753200
1.557300
1.073400
1.589000
1.066100
1.425900
1.092900
1.617200
1.384000
1.418000
1.486500
1.410800
1.213200
1.230200
1.312700
1.481500
1.709500
1.567500
1.135900
1.808000
1.769300
1.580700
1.112300
1.916000
1.112800
1.426500
1.483600
1.619000
1.870800
1.943000
1.059500
1.728500
1.487000
1.938100
1.266200
1.701400
1.758500
1.938500
1.418600
1.901200
1.521800
1.290800
1.372800
1.158500
1.211700
1.399600
1.607200
1.516600
1.638700
1.610500
1.540700
1.257000
1.243900
1.220300
1.922900
1.925500
1.983000
1.985000
1.228900
1.361200
1.590100
1.851500
1.188100
1.464000
1.145700
1.267500
1.707400
1.818400
1.250400
1.922300
1.311100
1.878400
1.378900
1.500600
1.015200
1.053300
1.339000
1.255100
1.163700
1.689900
1.037200
1.449600
1.369700
1.993400
1.554700
1.658100
1.920400
1.810500
1.180500
1.677800
1.123400
1.029300
1.445300
1.380700
1.971400
1.211000
1.341800
1.020400
1.734800
1.249800
1.655900
1.536400
1.750100
1.585500
1.310100
1.653800
1.288300
1.546000
1.008600
1.358600
1.470400
1.059300
1.038300
1.214200
1.294400
1.354600
1.798800
1.140900
1.609600
1.414300
1.872100
1.176600
1.879300
1.854700
1.049900
1.021000
1.650700
1.051400
1.417700
1.170400
1.679400
1.633000
1.824800
1.127200
1.688100
1.957000
1.324800
1.749200
1.266800
1.972200
1.500000
1.490800
1.059400
1.672000
1.276700
1.558900
1.125500
1.285100
1.052200
1.259300
1.003000
1.126900
1.563600
1.604400
1.735200
1.066500
1.261100
1.348000
1.631400
1.231000
1.120200
1.491000
1.790900
1.571200
1.478300
1.256800
1.889100
1.330200
1.636000
1.159000
1.107600
1.482100
1.776900
1.204700
1.036600
1.049100
1.543700
1.405600
1.765400
1.281800
1.427600
1.772200
1.205900
1.340700
1.391200
1.242100
1.197700
1.361000
1.127500
1.159700
1.832000
1.769000
1.502800
1.254900
1.210500
1.343000
1.002500
1.507400
1.540000
1.817300
1.393200
1.319100
1.496500
1.802400
1.535800
1.568900
1.918700
1.637500
1.336100
1.052900
1.881900
1.927500
1.725000
1.547100
1.779500
1.254300
1.935700
1.268900
1.638300
1.945100
1.123600
1.056200
1.180300
1.849100
1.907800
1.327300
1.558100
1.606200
1.794600
1.486800
1.518500
1.407300
1.835400
1.849300
1.760900
1.739300
1.992900
1.501700
1.788000
1.305400
1.032000
1.701600
1.372900
1.752200
1.642100
1.148900
1.799300
1.601000
1.544600
1.038100
1.797100
1.657500
1.904200
1.484100
1.706300
1.289200
1.831900
1.799600
1.433200
1.779900
1.072400
1.788200
1.874900
1.125800
1.177200
1.231300
1.730500
1.820800
1.872900
1.970100
1.066400
1.773900
1.626200
1.083700
1.257800
1.357500
1.093700
1.813000
1.848800
1.869100
1.375800
1.432000
1.931100
1.514500
1.499000
1.180700
1.966600
1.890100
1.563000
1.630800
1.488500
1.403000
1.159900
1.724600
1.996400
1.057600
1.228100
1.827600
1.756000
1.953400
1.565700
1.687400
1.074800
1.922000
1.662500
1.450600
1.737500
1.422500
1.605000
1.389900
1.738100
1.733300
1.557100
1.604100
1.433800
1.065600
1.955200
1.560900
1.608500
1.555100
1.043300
1.916200
1.863200
1.201800
1.769600
1.673200
1.803800
1.255400
1.896300
1.772300
1.663500
1.591900
1.877800
1.181500
1.615700
1.988000
1.897200
1.058300
1.604200
1.295000
1.874300
1.169600
1.462200
1.129500
1.040200
1.011900
1.448700
1.071800
1.550900
1.555600
1.327800
1.218800
1.461900
1.728800
1.019300
1.320200
1.964800
1.398800
1.715900
1.285600
1.825300
1.345600
1.883500
1.015900
1.427900
1.646800
1.368700
1.954400
1.320300
1.644200
1.881000
1.123500
1.611600
1.046200
1.699900
1.520500
1.317200
1.190800
1.832700
1.058400
1.592200
1.209300
1.335700
1.195500
1.036300
1.584300
1.102100
1.711600
1.512000
1.087900
1.926100
1.705100
1.356500
1.952700
1.503100
1.353300
1.302900
1.873300
1.435500
1.010300
1.057300
1.310600
1.056800
1.439700
1.053400
1.785400
1.525600
1.634600
1.645600
1.262400
1.395900
1.020600
1.762000
1.234800
1.313700
1.509600
1.517200
1.107100
1.165200
1.606400
1.577100
1.299500
1.783400
1.345200
1.999300
1.445000
1.047500
1.287900
1.984500
1.088600
1.586200
1.419600
1.619800
1.779700
1.567600
1.684700
1.641800
1.472400
1.293400
1.375200
1.932700
1.264600
1.840100
1.042600
1.577500
1.866900
1.090600
1.812300
1.585600
1.823600
1.201700
1.784200
1.215200
1.437600
1.000000
1.312100
1.632100
1.656900
1.022500
1.509400
1.851300
1.281300
1.962100
1.848900
1.567900
1.734900
1.718200
1.655000
1.669900
1.405100
1.948300
1.469200
1.241100
1.611400
1.083000
1.064700
1.618600
1.656500
1.708700
1.731600
1.201000
1.991300
1.907600
1.450300
1.034000
1.262600
1.415000
1.228700
1.532200
1.403800
1.117300
1.149100
1.951900
1.579500
1.812600
1.706000
1.558000
1.255500
1.379600
1.624600
1.628100
1.714600
1.854500
1.089300
1.977200
1.559800
1.441900
1.900900
1.252600
1.589200
1.618200
1.780600
1.025900
1.318000
1.052800
1.055800
1.147500
1.587200
1.876700
1.371200
1.804300
1.779000
1.710300
1.490900
1.568200
1.272700
1.622200
1.533400
1.615300
1.430500
1.639600
1.966100
1.826100
1.683200
1.555400
1.032700
1.352400
1.133200
1.735800
1.421100
1.116800
1.855400
1.039700
1.312800
1.154000
1.683600
1.815500
1.588900
1.824200
1.970500
1.469000
1.963800
1.880500
1.550100
1.030800
1.396700
1.935300
1.372000
1.736600
1.753300
1.971000
1.426000
1.603800
1.297200
1.514800
1.981400
1.220500
1.556700
1.343600
1.228500
1.877200
1.430700
1.919500
1.439200
1.230400
1.708100
1.550800
1.358800
1.976500
1.817600
1.780500
1.111300
1.015300
1.827200
1.660900
1.125600
1.852500
1.117700
1.095800
1.225700
1.532400
1.640600
1.631200
1.865200
1.635700
1.348100
1.091700
1.687700
1.965500
1.888800
1.289900
1.776600
1.956300
1.457400
1.904100
1.296200
1.040600
1.506400
1.118200
1.602400
1.513600
1.618800
1.875600
1.616100
1.221800
1.199000
1.394000
1.685500
1.096200
1.175900
1.473800
1.702900
1.138700
1.336900
1.972000
1.673000
1.938800
1.121400
1.932300
1.995400
1.142200
1.148400
1.166500
1.365900
1.978200
1.435300
1.560300
1.749800
1.755900
1.987300
1.526800
1.357100
1.706700
1.367400
1.444000
1.622400
1.673800
1.426100
1.289300
1.273000
1.640400
1.680300
1.862300
1.989200
1.060000
1.184900
1.683900
1.716000
1.740600
1.690700
1.832600
1.938300
1.034400
1.388300
1.348200
1.566600
1.279600
1.701700
1.431400
1.044500
1.352500
1.154800
1.841800
1.080500
1.414400
1.084900
1.302300
1.974800
1.412000
1.488100
1.169100
1.293800
1.285000
1.569800
1.007400
1.921900
1.395000
1.700200
1.243500
1.936300
1.537900
1.533300
1.556200
1.331800
1.334700
1.738900
1.413100
1.429700
1.061900
1.055700
1.329200
1.626900
1.341100
1.729200
1.930700
1.835000
1.480500
1.998300
1.831300
1.901000
1.172900
1.826200
1.537000
1.487100
1.104300
1.912700
1.139700
1.782500
1.373300
1.962700
1.579700
1.775100
1.173600
1.259800
1.387800
1.307600
1.672400
1.614900
1.935000
1.198000
1.445100
1.444300
1.146100
1.764400
1.493900
1.955800
1.139600
1.532000
1.375900
1.332500
1.517000
1.323900
1.782400
1.323600
1.089600
1.372200
1.882300
1.170300
1.411900
1.534200
1.752100
1.042500
1.672300
1.952300
1.199900
1.403900
1.983600
1.390100
1.261700
1.130000
1.869200
1.848400
1.060100
1.027000
1.878800
1.352800
1.207000
1.608900
1.225800
1.871200
1.442600
1.991800
1.359600
1.567300
1.856700
1.800600
1.346800
1.280800
1.492400
1.478600
1.506800
1.564700
1.106300
1.636500
1.733100
1.280700
1.896700
1.708400
1.275700
1.803000
1.613700
1.791900
1.489200
1.736400
1.262800
1.879400
1.219000
1.586100
1.974700
1.042000
1.253700
1.719400
1.756900
1.346600
1.679900
1.554900
1.709200
1.173400
1.174500
1.572900
1.657100
1.021700
1.297000
1.575800
1.884000
1.095500
1.451400
1.037500
1.901800
1.915100
1.770900
1.862100
1.279300
1.649100
1.990800
1.121200
1.622000
1.683100
1.700600
1.921300
1.877500
1.789700
1.033000
1.896000
1.482800
1.051500
1.386400
1.867400
1.896400
1.828900
1.296000
1.872000
1.254800
1.263500
1.834300
1.831500
1.989700
1.823300
1.543500
1.554100
1.969200
1.433500
1.193700
1.137200
1.627300
1.830500
1.408600
1.232300
1.306700
1.191800
1.750500
1.472800
1.029400
1.929500
1.982900
1.758900
1.214900
1.634300
1.092300
1.850000
1.939600
1.640000
1.476500
1.890300
1.312500
1.169400
1.681800
1.297800
1.861600
1.508800
1.959700
1.992200
1.188200
1.401100
1.192500
1.470600
1.828200
1.303500
1.919400
1.444100
1.833000
1.227900
1.125900
1.813400
1.515200
1.646200
1.015000
1.267200
1.963400
1.929200
1.780100
1.968500
1.317300
1.573200
1.644900
1.632700
1.912600
1.230700
1.520000
1.309100
1.731000
1.343400
1.480700
1.138000
1.038000
1.153500
1.451300
1.750000
1.365300
1.596900
1.691300
1.875000
1.935400
1.797600
1.553900
1.406800
1.322200
1.994700
1.139900
1.520300
1.883200
1.267800
1.900700
1.652600
1.487800
1.548400
1.940500
1.517900
1.657300
1.641700
1.266400
1.126000
1.833600
1.055000
1.454000
1.116400
1.956600
1.114900
1.410700
1.369100
1.548900
1.270900
1.916100
1.901400
1.785100
1.523500
1.519600
1.522300
1.868300
1.140400
1.186700
1.644300
1.468600
1.727700
1.513500
1.610600
1.393100
1.670200
1.529900
1.677300
1.836700
1.788100
1.727100
1.828300
1.589800
1.191300
1.314100
1.042300
1.943300
1.334500
1.915800
1.596400
1.890900
1.939800
1.217900
1.406000
1.957100
1.139800
1.224100
1.806200
1.045500
1.161700
1.744400
1.413500
1.369400
1.781700
1.617800
1.370200
1.371700
1.909600
1.985100
1.264400
1.226500
1.009200
1.045700
1.922100
1.295100
1.382000
1.691400
1.795800
1.025600
1.286700
1.138300
1.244400
1.497300
1.215700
1.988800
1.692700
1.423100
1.160800
1.957900
1.220700
1.354200
1.999000
1.557600
1.682000
1.887900
1.561900
1.539000
1.541900
1.672900
1.402900
1.829400
1.866500
1.595300
1.397800
1.702800
1.758700
1.230300
1.901900
1.671900
1.790500
1.230100
1.086600
1.252200
1.826400
1.621400
1.286000
1.632500
1.812000
1.573000
1.030500
1.144600
1.100500
1.276500
1.639000
1.902700
1.429400
1.512200
1.018000
1.916600
1.825900
1.329300
1.934200
1.810300
1.868200
1.538900
1.645300
1.767100
1.327400
1.743500
1.175400
1.175100
1.804600
1.392300
1.189600
1.764900
1.324600
1.212500
1.756700
1.465200
1.596800
1.384900
1.067400
1.573300
1.953000
1.549300
1.096700
1.120800
1.907900
1.774000
1.431800
1.058100
1.276600
1.263200
1.095400
1.944100
1.906100
1.658900
1.737100
1.817800
1.896100
1.022400
1.011500
1.973100
1.321100
1.264200
1.000900
1.737200
1.979400
1.957700
1.626500
1.874800
1.082400
1.714700
1.569100
1.868800
1.940200
1.543100
1.459900
1.936600
1.601100
1.545900
1.515600
1.684100
1.492200
1.837900
1.929400
1.556800
1.548600
1.497400
1.566100
1.660300
1.338300
1.436300
1.768600
1.314900
1.413700
1.494300
1.080000
1.540200
1.472900
1.418100
1.481600
1.967500
1.128600
1.816100
1.354400
1.760800
1.669100
1.243200
1.117600
1.700900
1.215800
1.610200
1.900300
1.090900
1.171900
1.716800
1.416700
1.764600
1.038200
1.794300
1.793100
1.973200
1.783100
1.872500
1.736800
1.161300
1.469500
1.792600
1.075000
1.912200
1.290600
1.005600
1.323300
1.038900
1.375000
1.707100
1.568800
1.490000
1.101100
1.767800
1.976400
1.640800
1.594000
1.620100
1.279700
1.693100
1.235800
1.682800
1.175500
1.941300
1.782200
1.269900
1.143600
1.658200
1.498900
1.551700
1.787200
1.675100
1.770500
1.944300
1.786500
1.832200
1.143300
1.265800
1.894300
1.328800
1.307900
1.505900
1.752500
1.995500
1.676100
1.200700
1.464100
1.807900
1.768200
1.163200
1.581800
1.936700
1.071400
1.589600
1.302500
1.876300
1.844200
1.971100
1.931400
1.333300
1.678800
1.412600
1.569300
1.649700
1.821700
1.277300
1.023100
1.787700
1.389100
1.005700
1.404600
1.174900
1.263800
1.336500
1.485600
1.819400
1.130800
1.171100
1.820700
1.405500
1.721500
1.683700
1.687800
1.282700
1.694000
1.364200
1.102900
1.105000
1.572200
1.000500
1.809300
1.035100
1.078400
1.477800
1.673900
1.884300
1.803700
1.816600
1.967700
1.856900
1.339500
1.192000
1.497000
1.927300
1.108000
1.664100
1.980000
1.088300
1.700400
1.745900
1.587800
1.800100
1.553200
1.963900
1.049800
1.048900
1.821000
1.814900
1.205500
1.913600
1.592400
1.810100
1.872700
1.113000
1.873600
1.886400
1.465100
1.607600
1.891800
1.850800
1.761800
1.815700
1.658300
1.973500
1.582400
1.818700
1.202600
1.050400
1.357300
1.400500
1.261300
1.084600
1.504200
1.217800
1.461400
1.898600
1.452100
1.084400
1.031000
1.308500
1.562100
1.419500
1.842400
1.307200
1.948500
1.949500
1.491400
1.071300
1.251800
1.637800
1.003300
1.007200
1.115000
1.284100
1.772900
1.908000
1.243400
1.214800
1.420800
1.779400
1.839400
1.605100
1.062600
1.284900
1.289800
1.608200
1.859400
1.275300
1.668700
1.416600
1.788900
1.220100
1.899900
1.147800
1.770800
1.762500
1.221300
1.107500
1.658000
1.227300
1.154900
1.664700
1.079900
1.217000
1.629800
1.209800
1.842100
1.898400
1.991600
1.569200
1.795400
1.627700
1.236300
1.458100
1.373800
1.034700
1.873000
1.749300
1.193800
1.972300
1.460200
1.392500
1.793400
1.848000
1.344000
1.433600
1.576600
1.746200
1.151000
1.707000
1.587600
1.395300
1.760300
1.507600
1.778000
1.372600
1.451800
1.180000
1.719100
1.187800
1.933300
1.843300
1.838900
1.010500
1.898500
1.732500
1.200300
1.247800
1.040400
1.783300
1.552400
1.208400
1.517700
1.479400
1.426900
1.718500
1.146400
1.580400
1.288500
1.124400
1.770300
1.884900
1.045300
1.135600
1.022600
1.693000
1.287300
1.087300
1.828000
1.536500
1.942600
1.666300
1.639700
1.617000
1.161500
1.754400
1.088000
1.192700
1.417200
1.817100
1.986700
1.721700
1.730000
1.873800
1.335300
1.495200
1.698600
1.222200
1.833300
1.696900
1.026900
1.946000
1.612600
1.484000
1.210700
1.516900
1.638600
1.940100
1.611100
1.150900
1.680700
1.819200
1.256100
1.188800
1.089900
1.099800
1.691800
1.594500
1.334200
1.192100
1.405800
1.310300
1.690900
1.154700
1.268800
1.983100
1.112900
1.841900
1.173000
1.914400
1.581200
1.874400
1.055200
1.226000
1.519200
1.778100
1.415100
1.345800
1.613400
1.107200
1.630300
1.373100
1.051600
1.302100
1.424800
1.169300
1.812800
1.491100
1.182400
1.368100
1.753600
1.141600
1.406500
1.889400
1.823800
1.599300
1.355000
1.165600
1.281600
1.979200
1.177100
1.409900
1.216700
1.761500
1.786100
1.622300
1.038700
1.822500
1.389200
1.599600
1.418900
1.599000
1.211400
1.382500
1.483900
1.655800
1.208100
